=========PATH==========
/home/srr516/alkanes-Pt111/Pt-111/ethane/ethane_0.015/fromComet/ethane_0.015/0
=========ENERGY========
   1 F= -.19328280E+03 E0= -.19328573E+03  d E =0.879642E-02
=========Coordinates/Forces=========
 POSITION                                       TOTAL-FORCE (eV/Angst)
      3.88710      2.52328      9.63221        -0.000699     -0.055891      0.348335
      4.89517      1.65724     10.40215        -0.109380      0.344239     -0.125191
      2.86934      2.41484     10.04459         0.096687      0.037411     -0.056432
      3.83423      2.23224      8.57002         0.019929     -0.026959     -0.115469
      4.15224      3.59207      9.66927        -0.006909     -0.089685     -0.016682
      5.89764      1.73058      9.95914         0.034787     -0.030751      0.001562
      4.59951      0.60480     10.40197        -0.027215     -0.180072     -0.026479
      4.97168      1.97990     11.45005        -0.000025      0.002787      0.015814
 
=========PATH==========
/home/srr516/alkanes-Pt111/Pt-111/ethane/ethane_0.015/fromComet/ethane_0.015/1
=========ENERGY========
   1 F= -.19328280E+03 E0= -.19328573E+03  d E =0.878955E-02
=========Coordinates/Forces=========
 POSITION                                       TOTAL-FORCE (eV/Angst)
      3.88590      2.52288      9.64348         0.003154     -0.012358     -0.202178
      4.88853      1.66161     10.40568         0.173624      0.016728     -0.364447
      2.86690      2.41676     10.04215        -0.002527      0.026112      0.001322
      3.84443      2.23353      8.56974        -0.013453      0.018165      0.145475
      4.15342      3.59020      9.66603        -0.010380     -0.039961      0.047832
      5.89566      1.72650      9.95550        -0.139400      0.001832      0.072232
      4.59764      0.60294     10.39722        -0.020192     -0.031117      0.035825
      4.97389      1.98577     11.44358         0.013918      0.027333      0.285426
 
=========PATH==========
/home/srr516/alkanes-Pt111/Pt-111/ethane/ethane_0.015/fromComet/ethane_0.015/2
=========ENERGY========
   1 F= -.19328302E+03 E0= -.19328595E+03  d E =0.879796E-02
=========Coordinates/Forces=========
 POSITION                                       TOTAL-FORCE (eV/Angst)
      3.88535      2.52480      9.63120        -0.024332     -0.010326      0.433597
      4.88744      1.66306     10.39789         0.103487      0.051736     -0.075874
      2.86893      2.42037     10.03854        -0.007399      0.002896     -0.025255
      3.84137      2.23871      8.57413        -0.012621     -0.071012     -0.307339
      4.15013      3.58873      9.67550         0.028091      0.058973     -0.030105
      5.89207      1.73329      9.95361        -0.015680     -0.008167      0.006332
      4.60153      0.60191     10.39169        -0.019991      0.002363      0.013040
      4.97679      1.98371     11.44574        -0.047862     -0.019636      0.013265
 
=========PATH==========
/home/srr516/alkanes-Pt111/Pt-111/ethane/ethane_0.015/fromComet/ethane_0.015/3
=========ENERGY========
   1 F= -.19328319E+03 E0= -.19328612E+03  d E =0.878564E-02
=========Coordinates/Forces=========
 POSITION                                       TOTAL-FORCE (eV/Angst)
      3.88921      2.51934      9.63598        -0.164536      0.308789      0.001577
      4.89278      1.66672     10.39770        -0.034378     -0.236699      0.036255
      2.86729      2.41495     10.04085         0.126528      0.011450     -0.053160
      3.83936      2.24108      8.56396         0.019409     -0.032973      0.048795
      4.15103      3.59378      9.66949        -0.039891     -0.197366      0.004632
      5.89627      1.73027      9.95907         0.066895      0.001049     -0.057909
      4.59734      0.60273     10.40037         0.059630      0.132139     -0.010783
      4.97881      1.98427     11.44539        -0.033684      0.022717      0.054513
 
=========PATH==========
/home/srr516/alkanes-Pt111/Pt-111/ethane/ethane_0.015/fromComet/ethane_0.015/4
=========ENERGY========
   1 F= -.19328323E+03 E0= -.19328616E+03  d E =0.878866E-02
=========Coordinates/Forces=========
 POSITION                                       TOTAL-FORCE (eV/Angst)
      3.88812      2.52429      9.64108        -0.065376      0.044420     -0.090381
      4.88430      1.66309     10.39775         0.397122     -0.101095      0.042456
      2.87336      2.41601     10.04282        -0.094754      0.028571      0.031471
      3.83798      2.23923      8.57226         0.012282     -0.001344     -0.006434
      4.15461      3.58948      9.67562         0.003578      0.020566      0.007552
      5.89840      1.73046      9.95704        -0.222838     -0.034793      0.064011
      4.59288      0.60053     10.39723         0.022489      0.079725     -0.010982
      4.97636      1.98222     11.44740        -0.048717     -0.027857     -0.013666
 
=========PATH==========
/home/srr516/alkanes-Pt111/Pt-111/ethane/ethane_0.015/fromComet/ethane_0.015/5
=========ENERGY========
   1 F= -.19328319E+03 E0= -.19328612E+03  d E =0.879063E-02
=========Coordinates/Forces=========
 POSITION                                       TOTAL-FORCE (eV/Angst)
      3.89133      2.51947      9.63696        -0.222745      0.125303      0.178823
      4.88903      1.65961     10.39605         0.292855      0.131838      0.144467
      2.87008      2.41947     10.04121         0.082465      0.007277     -0.028153
      3.84059      2.23294      8.57562         0.000191     -0.042629     -0.193387
      4.15601      3.58651      9.67287         0.017638     -0.023263     -0.011435
      5.89664      1.72769      9.94937        -0.116246     -0.024490      0.071034
      4.59994      0.60366     10.40172        -0.042083     -0.132371     -0.032723
      4.97457      1.98154     11.44828        -0.005372     -0.036360     -0.106200
 
=========PATH==========
/home/srr516/alkanes-Pt111/Pt-111/ethane/ethane_0.015/fromComet/ethane_0.015/6
=========ENERGY========
   1 F= -.19328166E+03 E0= -.19328459E+03  d E =0.879089E-02
=========Coordinates/Forces=========
 POSITION                                       TOTAL-FORCE (eV/Angst)
      3.88629      2.52510      9.63772         0.040987     -0.059245     -0.115250
      4.89940      1.66154     10.39643        -0.465724      0.070230      0.167055
      2.86728      2.42101     10.04599         0.098180     -0.006460     -0.057410
      3.84361      2.23838      8.56153        -0.029952      0.041098      0.198787
      4.15159      3.59355      9.66864         0.002254     -0.063846      0.015919
      5.89338      1.73013      9.95829         0.307635      0.022545     -0.144703
      4.60139      0.60160     10.39695         0.033292      0.053970     -0.006906
      4.97343      1.98717     11.44617         0.018943     -0.055366     -0.037116
 
=========PATH==========
/home/srr516/alkanes-Pt111/Pt-111/ethane/ethane_0.015/fromComet/ethane_0.015/7
=========ENERGY========
   1 F= -.19328440E+03 E0= -.19328733E+03  d E =0.879056E-02
=========Coordinates/Forces=========
 POSITION                                       TOTAL-FORCE (eV/Angst)
      3.88212      2.52460      9.64323         0.031902     -0.002937     -0.130773
      4.89189      1.66395     10.39794         0.005403     -0.128257     -0.011948
      2.86237      2.41847     10.04406         0.056091      0.011956     -0.002230
      3.83875      2.24102      8.57015        -0.016956     -0.002817      0.091355
      4.15092      3.59086      9.66988        -0.017460     -0.013421      0.042222
      5.89937      1.72933      9.95937        -0.055746      0.013217     -0.041104
      4.59979      0.60001     10.39749         0.032392      0.117201     -0.015321
      4.98108      1.97886     11.44535        -0.032524      0.016113      0.088726
 
=========PATH==========
/home/srr516/alkanes-Pt111/Pt-111/ethane/ethane_0.015/fromComet/ethane_0.015/8
=========ENERGY========
   1 F= -.19328250E+03 E0= -.19328542E+03  d E =0.878776E-02
=========Coordinates/Forces=========
 POSITION                                       TOTAL-FORCE (eV/Angst)
      3.88316      2.52525      9.64389         0.217960      0.094488     -0.351420
      4.88833      1.66130     10.39896         0.148339      0.020454     -0.100846
      2.86930      2.42030     10.04173        -0.142537     -0.000216      0.062837
      3.84091      2.24201      8.56558        -0.014861      0.036943      0.216909
      4.15482      3.59512      9.67114        -0.042928     -0.142318      0.039555
      5.90013      1.72780      9.96223        -0.144843      0.000133      0.005465
      4.59701      0.60204     10.39890        -0.009653     -0.016068     -0.019711
      4.97178      1.98063     11.44301        -0.006243      0.017731      0.168624
 
=========PATH==========
/home/srr516/alkanes-Pt111/Pt-111/ethane/ethane_0.015/fromComet/ethane_0.015/9
=========ENERGY========
   1 F= -.19328401E+03 E0= -.19328694E+03  d E =0.879441E-02
=========Coordinates/Forces=========
 POSITION                                       TOTAL-FORCE (eV/Angst)
      3.88680      2.51833      9.63720        -0.173083      0.097035      0.136575
      4.88969      1.66401     10.40136         0.173111     -0.031339     -0.118502
      2.86379      2.42032     10.04194         0.137295     -0.007868     -0.052280
      3.83922      2.23218      8.57061         0.007820     -0.017088     -0.040639
      4.15387      3.58397      9.67563        -0.000858      0.011721     -0.032007
      5.89766      1.72944      9.95845        -0.087637      0.018315      0.038217
      4.60431      0.60654     10.39907        -0.043699     -0.134099     -0.021720
      4.97209      1.97353     11.44912        -0.008658      0.072721      0.115431
 
=========PATH==========
/home/srr516/alkanes-Pt111/Pt-111/ethane/ethane_0.015/fromComet/ethane_0.015/10
=========ENERGY========
   1 F= -.19328255E+03 E0= -.19328548E+03  d E =0.879064E-02
=========Coordinates/Forces=========
 POSITION                                       TOTAL-FORCE (eV/Angst)
      3.88703      2.53214      9.63760        -0.121562     -0.475705     -0.060066
      4.88918      1.66276     10.39504         0.137909      0.067141     -0.093948
      2.87053      2.41761     10.04303         0.012241      0.047538     -0.002965
      3.83321      2.23835      8.56799         0.021661      0.055930      0.074098
      4.15094      3.58776      9.67379         0.083507      0.306599      0.005441
      5.89847      1.72614      9.95527        -0.090274      0.014171      0.018704
      4.60040      0.60333     10.39544        -0.046472     -0.020843     -0.030882
      4.97156      1.98106     11.44108         0.006148      0.014361      0.113180
 
=========PATH==========
/home/srr516/alkanes-Pt111/Pt-111/ethane/ethane_0.015/fromComet/ethane_0.015/11
=========ENERGY========
   1 F= -.19328139E+03 E0= -.19328432E+03  d E =0.879175E-02
=========Coordinates/Forces=========
 POSITION                                       TOTAL-FORCE (eV/Angst)
      3.88224      2.52488      9.64683         0.293026     -0.124909     -0.436146
      4.89160      1.66100     10.39825         0.112125      0.273513      0.108058
      2.87295      2.42165     10.04406        -0.276333     -0.030379      0.133302
      3.83701      2.23382      8.57037        -0.014588      0.057135      0.214220
      4.15009      3.58804      9.66822         0.029762      0.077184      0.042542
      5.89870      1.72725      9.95527        -0.086367      0.028903      0.025629
      4.60229      0.60818     10.39474        -0.072976     -0.223660     -0.008705
      4.97098      1.97977     11.45044         0.022038     -0.047411     -0.056737
 
=========PATH==========
/home/srr516/alkanes-Pt111/Pt-111/ethane/ethane_0.015/fromComet/ethane_0.015/12
=========ENERGY========
   1 F= -.19328274E+03 E0= -.19328567E+03  d E =0.879402E-02
=========Coordinates/Forces=========
 POSITION                                       TOTAL-FORCE (eV/Angst)
      3.88939      2.51941      9.63591        -0.100190      0.245326      0.177836
      4.89712      1.66477     10.40018        -0.328086     -0.229390      0.015761
      2.86691      2.42376     10.04621         0.179400     -0.016329     -0.087102
      3.84241      2.23964      8.56742        -0.007521     -0.040315     -0.025939
      4.15860      3.58944      9.67470        -0.036418     -0.119458     -0.027243
      5.89543      1.73013      9.95999         0.182157      0.014162     -0.064294
      4.59576      0.60184     10.39606         0.092116      0.136740      0.000726
      4.96851      1.97955     11.45003         0.020786      0.015773      0.033069
 
=========PATH==========
/home/srr516/alkanes-Pt111/Pt-111/ethane/ethane_0.015/fromComet/ethane_0.015/13
=========ENERGY========
   1 F= -.19328202E+03 E0= -.19328495E+03  d E =0.879344E-02
=========Coordinates/Forces=========
 POSITION                                       TOTAL-FORCE (eV/Angst)
      3.89000      2.52398      9.63343        -0.112950      0.047493      0.384172
      4.89941      1.66421     10.39460        -0.329230      0.002781      0.159178
      2.86813      2.41902     10.04383         0.190097      0.030661     -0.070717
      3.84060      2.23869      8.57534        -0.014818     -0.082864     -0.287389
      4.15858      3.59021      9.66802        -0.017227     -0.018605      0.000878
      5.89595      1.73159      9.95506         0.235361      0.022818     -0.088578
      4.60436      0.60438     10.39658         0.019627      0.017209     -0.025035
      4.97071      1.98402     11.44616         0.032248     -0.020961     -0.047513
 
=========PATH==========
/home/srr516/alkanes-Pt111/Pt-111/ethane/ethane_0.015/fromComet/ethane_0.015/14
=========ENERGY========
   1 F= -.19328341E+03 E0= -.19328634E+03  d E =0.879233E-02
=========Coordinates/Forces=========
 POSITION                                       TOTAL-FORCE (eV/Angst)
      3.88951      2.52742      9.63665        -0.265312     -0.263752      0.065042
      4.89327      1.66511     10.39963         0.022109      0.017956     -0.057569
      2.86562      2.42153     10.04534         0.213915      0.027170     -0.096249
      3.84025      2.23353      8.56767         0.001156      0.031593      0.069344
      4.15152      3.58831      9.66942         0.062573      0.173725     -0.001418
      5.89652      1.72323      9.95244         0.007993      0.064718      0.033166
      4.60724      0.60490     10.39125        -0.062512     -0.028919      0.015929
      4.97179      1.98137     11.44987         0.021191     -0.013020     -0.004424
 
=========PATH==========
/home/srr516/alkanes-Pt111/Pt-111/ethane/ethane_0.015/fromComet/ethane_0.015/15
=========ENERGY========
   1 F= -.19328290E+03 E0= -.19328584E+03  d E =0.879820E-02
=========Coordinates/Forces=========
 POSITION                                       TOTAL-FORCE (eV/Angst)
      3.88339      2.52234      9.63449         0.144220      0.111764      0.280299
      4.89020      1.66255     10.40416        -0.015633     -0.104619     -0.431197
      2.86761      2.42500     10.04114        -0.032501     -0.003288     -0.003336
      3.83944      2.23863      8.57142        -0.007574     -0.073032     -0.146206
      4.15840      3.58840      9.66958        -0.033645     -0.051087     -0.006171
      5.89517      1.73492      9.95611        -0.075650     -0.016143      0.048550
      4.59914      0.59993     10.39082         0.035955      0.071002      0.024524
      4.97285      1.97614     11.44557        -0.013104      0.070758      0.261533
 
=========PATH==========
/home/srr516/alkanes-Pt111/Pt-111/ethane/ethane_0.015/fromComet/ethane_0.015/16
=========ENERGY========
   1 F= -.19328187E+03 E0= -.19328481E+03  d E =0.879696E-02
=========Coordinates/Forces=========
 POSITION                                       TOTAL-FORCE (eV/Angst)
      3.88387      2.52133      9.64178         0.128988      0.093265     -0.003240
      4.89913      1.66008     10.39665        -0.508504     -0.026789      0.278524
      2.86542      2.41908     10.04552         0.044455     -0.018173     -0.001468
      3.84220      2.23296      8.57245        -0.030332      0.030473      0.024973
      4.15373      3.59177      9.67787        -0.042258     -0.150720     -0.018079
      5.89150      1.73016      9.95630         0.317426      0.015981     -0.144702
      4.59981      0.59856     10.40186         0.062523      0.097088     -0.036174
      4.97336      1.98062     11.44922         0.031581     -0.038574     -0.077300
 
=========PATH==========
/home/srr516/alkanes-Pt111/Pt-111/ethane/ethane_0.015/fromComet/ethane_0.015/17
=========ENERGY========
   1 F= -.19328297E+03 E0= -.19328590E+03  d E =0.879784E-02
=========Coordinates/Forces=========
 POSITION                                       TOTAL-FORCE (eV/Angst)
      3.88460      2.52154      9.63661         0.041915      0.250377      0.249860
      4.89516      1.66309     10.39466        -0.264486     -0.020635      0.160164
      2.86625      2.42309     10.04652         0.077565     -0.034819     -0.051608
      3.84310      2.24300      8.57270        -0.044367     -0.054968     -0.174309
      4.15090      3.59321      9.67850        -0.024625     -0.157772     -0.022730
      5.89401      1.73024      9.95837         0.200425      0.028573     -0.113597
      4.60229      0.60280     10.39592         0.014949      0.012644     -0.016715
      4.97220      1.98257     11.44483         0.004124     -0.019073     -0.007268
 
=========PATH==========
/home/srr516/alkanes-Pt111/Pt-111/ethane/ethane_0.015/fromComet/ethane_0.015/18
=========ENERGY========
   1 F= -.19328505E+03 E0= -.19328799E+03  d E =0.879099E-02
=========Coordinates/Forces=========
 POSITION                                       TOTAL-FORCE (eV/Angst)
      3.88702      2.52231      9.63446         0.062692     -0.020390     -0.002690
      4.89245      1.66535     10.39920        -0.098236     -0.161041      0.045272
      2.86988      2.42404     10.03827        -0.015735     -0.005616      0.003883
      3.84229      2.23387      8.56528        -0.005647     -0.007791      0.035669
      4.15999      3.58513      9.66567        -0.005576      0.058859     -0.004263
      5.89647      1.72788      9.96080         0.055103      0.024767     -0.040736
      4.60010      0.60167     10.39991         0.028455      0.103514     -0.013792
      4.97280      1.98118     11.44961        -0.015631      0.013376     -0.000982
 
=========PATH==========
/home/srr516/alkanes-Pt111/Pt-111/ethane/ethane_0.015/fromComet/ethane_0.015/19
=========ENERGY========
   1 F= -.19328275E+03 E0= -.19328568E+03  d E =0.879786E-02
=========Coordinates/Forces=========
 POSITION                                       TOTAL-FORCE (eV/Angst)
      3.88302      2.52480      9.63978         0.288685     -0.264423     -0.059584
      4.89445      1.66144     10.40236        -0.028972      0.119374     -0.241391
      2.87384      2.42077     10.04527        -0.198969     -0.016844      0.058782
      3.84127      2.24009      8.56886        -0.024895     -0.012462      0.054980
      4.15492      3.58197      9.67223         0.041084      0.228912      0.022459
      5.90093      1.73100      9.95706        -0.092934      0.012271      0.055865
      4.60421      0.60405     10.39617        -0.020284     -0.083098     -0.003241
      4.96709      1.98016     11.44758         0.037841      0.020418      0.137367
 
=========PATH==========
/home/srr516/alkanes-Pt111/Pt-111/ethane/ethane_0.015/fromComet/ethane_0.015/20
=========ENERGY========
   1 F= -.19328321E+03 E0= -.19328614E+03  d E =0.879844E-02
=========Coordinates/Forces=========
 POSITION                                       TOTAL-FORCE (eV/Angst)
      3.88444      2.52387      9.63582        -0.089094     -0.216924      0.276202
      4.89424      1.66583     10.40000        -0.152014     -0.049703     -0.077022
      2.86563      2.41848     10.04882         0.133213      0.024542     -0.074030
      3.83686      2.23747      8.57297        -0.015899     -0.052008     -0.137330
      4.15468      3.58062      9.67278         0.031135      0.255188     -0.007492
      5.89663      1.73031      9.95557         0.031684      0.018894      0.010393
      4.59822      0.60657     10.39905         0.025863      0.001035     -0.014979
      4.96626      1.98203     11.44873         0.037409      0.026651      0.050047
 
=========PATH==========
/home/srr516/alkanes-Pt111/Pt-111/ethane/ethane_0.015/fromComet/ethane_0.015/21
=========ENERGY========
   1 F= -.19328061E+03 E0= -.19328354E+03  d E =0.879465E-02
=========Coordinates/Forces=========
 POSITION                                       TOTAL-FORCE (eV/Angst)
      3.88166      2.52524      9.63686         0.376981      0.093539     -0.112532
      4.89355      1.66566     10.39438        -0.426905     -0.205474      0.281981
      2.87416      2.41920     10.04059        -0.254699     -0.015099      0.087844
      3.84091      2.23700      8.56626        -0.024403      0.030053      0.059275
      4.15443      3.59410      9.67285        -0.054068     -0.122610     -0.016928
      5.88760      1.73100      9.95462         0.295619      0.027157     -0.127563
      4.59658      0.59866     10.39900         0.075477      0.229843     -0.034587
      4.97020      1.98248     11.44908         0.012429     -0.029823     -0.116464
 
=========PATH==========
/home/srr516/alkanes-Pt111/Pt-111/ethane/ethane_0.015/fromComet/ethane_0.015/22
=========ENERGY========
   1 F= -.19328406E+03 E0= -.19328699E+03  d E =0.879441E-02
=========Coordinates/Forces=========
 POSITION                                       TOTAL-FORCE (eV/Angst)
      3.88390      2.52454      9.63760        -0.017705     -0.071498      0.141062
      4.89289      1.66565     10.39902        -0.166387     -0.151951     -0.159628
      2.86599      2.42249     10.04347         0.038163      0.014601      0.009163
      3.83128      2.23539      8.57477         0.008383     -0.048929     -0.125122
      4.15370      3.58669      9.66515         0.012347      0.098636      0.013910
      5.89413      1.73348      9.95502         0.055954     -0.005664     -0.030722
      4.59689      0.60254     10.40009         0.055888      0.117907     -0.019598
      4.97320      1.98302     11.44212         0.014809      0.056019      0.197322
 
=========PATH==========
/home/srr516/alkanes-Pt111/Pt-111/ethane/ethane_0.015/fromComet/ethane_0.015/23
=========ENERGY========
   1 F= -.19328349E+03 E0= -.19328642E+03  d E =0.878990E-02
=========Coordinates/Forces=========
 POSITION                                       TOTAL-FORCE (eV/Angst)
      3.88600      2.52268      9.64252        -0.030531     -0.061909     -0.055383
      4.89253      1.65690     10.39345         0.086719      0.220557      0.302971
      2.86771      2.42010     10.04223        -0.013340     -0.018311      0.031938
      3.83845      2.24181      8.57414        -0.013992     -0.029484     -0.057705
      4.14889      3.58693      9.67293         0.053692      0.073674      0.041127
      5.89882      1.73155      9.95122        -0.071894     -0.031698      0.020021
      4.60008      0.59963     10.39980        -0.004747     -0.060128     -0.048690
      4.97415      1.98038     11.44991         0.002378     -0.091292     -0.210677
 
=========PATH==========
/home/srr516/alkanes-Pt111/Pt-111/ethane/ethane_0.015/fromComet/ethane_0.015/24
=========ENERGY========
   1 F= -.19328218E+03 E0= -.19328512E+03  d E =0.879434E-02
=========Coordinates/Forces=========
 POSITION                                       TOTAL-FORCE (eV/Angst)
      3.88285      2.52139      9.63682         0.085789      0.123140      0.029546
      4.89327      1.66547     10.39053        -0.134434     -0.226661      0.447362
      2.86889      2.41905     10.04761        -0.016171     -0.021584     -0.014819
      3.83849      2.23870      8.56881        -0.038751     -0.013496     -0.038747
      4.15069      3.58873      9.67438        -0.016430     -0.039858     -0.016400
      5.89797      1.72458      9.95641         0.069747      0.038029     -0.075199
      4.59761      0.59921     10.40204         0.061783      0.195308     -0.054142
      4.97264      1.98181     11.45032        -0.007277     -0.051630     -0.250264
 
=========PATH==========
/home/srr516/alkanes-Pt111/Pt-111/ethane/ethane_0.015/fromComet/ethane_0.015/25
=========ENERGY========
   1 F= -.19328388E+03 E0= -.19328681E+03  d E =0.879514E-02
=========Coordinates/Forces=========
 POSITION                                       TOTAL-FORCE (eV/Angst)
      3.88610      2.52581      9.63958         0.024240     -0.183707     -0.010768
      4.89359      1.66141     10.40398        -0.127079      0.095553     -0.267261
      2.87027      2.41309     10.04607         0.001242      0.031697     -0.025062
      3.84011      2.23922      8.56691         0.006068      0.021670      0.116824
      4.15051      3.58943      9.67606         0.016376      0.075910      0.007398
      5.89267      1.72751      9.95418         0.071439      0.018920      0.010349
      4.59924      0.60407     10.39091        -0.012184     -0.044557      0.044615
      4.97154      1.98453     11.44705         0.023675     -0.009444      0.147626
 
=========PATH==========
/home/srr516/alkanes-Pt111/Pt-111/ethane/ethane_0.015/fromComet/ethane_0.015/26
=========ENERGY========
   1 F= -.19328162E+03 E0= -.19328455E+03  d E =0.879292E-02
=========Coordinates/Forces=========
 POSITION                                       TOTAL-FORCE (eV/Angst)
      3.88377      2.52407      9.64166         0.115706     -0.043777     -0.099839
      4.89692      1.66194     10.39736        -0.471865      0.169704      0.158831
      2.86635      2.41200     10.04092        -0.003166      0.025884      0.037323
      3.83839      2.23316      8.57161         0.001024      0.036169      0.052649
      4.15244      3.59103      9.67287        -0.038097     -0.043745      0.007184
      5.88850      1.72959      9.95882         0.372425      0.035524     -0.165372
      4.59790      0.60922     10.39521        -0.011195     -0.159495     -0.007849
      4.96938      1.98172     11.44618         0.038228     -0.016202      0.038999
 
=========PATH==========
/home/srr516/alkanes-Pt111/Pt-111/ethane/ethane_0.015/fromComet/ethane_0.015/27
=========ENERGY========
   1 F= -.19328360E+03 E0= -.19328653E+03  d E =0.878974E-02
=========Coordinates/Forces=========
 POSITION                                       TOTAL-FORCE (eV/Angst)
      3.88728      2.52167      9.64092        -0.207602      0.137580      0.042404
      4.88928      1.66169     10.40174         0.189883      0.123310     -0.041245
      2.86032      2.42082     10.04164         0.216924      0.020371     -0.050916
      3.83688      2.23610      8.57282         0.016509     -0.012858     -0.017021
      4.15527      3.59182      9.67259        -0.029730     -0.129412      0.005778
      5.89965      1.72867      9.96386        -0.106963      0.009814      0.010257
      4.60312      0.60521     10.40021        -0.053844     -0.137511     -0.003176
      4.97225      1.98363     11.44775        -0.016669     -0.005228      0.081397
 
=========PATH==========
/home/srr516/alkanes-Pt111/Pt-111/ethane/ethane_0.015/fromComet/ethane_0.015/28
=========ENERGY========
   1 F= -.19328329E+03 E0= -.19328621E+03  d E =0.878626E-02
=========Coordinates/Forces=========
 POSITION                                       TOTAL-FORCE (eV/Angst)
      3.88795      2.52473      9.64165        -0.111725     -0.029464     -0.244788
      4.88934      1.66225     10.39557         0.185463      0.242233      0.212698
      2.87020      2.42180     10.04255        -0.025106     -0.012233      0.027739
      3.83504      2.23742      8.56813         0.014006      0.024483      0.127394
      4.14632      3.59124      9.66737         0.060224      0.037925      0.032464
      5.89685      1.72665      9.95717        -0.035285      0.015100     -0.003848
      4.59943      0.60959     10.39725        -0.076599     -0.222680     -0.025953
      4.97191      1.98134     11.44926        -0.005417     -0.044694     -0.105822
 
=========PATH==========
/home/srr516/alkanes-Pt111/Pt-111/ethane/ethane_0.015/fromComet/ethane_0.015/29
=========ENERGY========
   1 F= -.19328318E+03 E0= -.19328611E+03  d E =0.879301E-02
=========Coordinates/Forces=========
 POSITION                                       TOTAL-FORCE (eV/Angst)
      3.88676      2.52086      9.63363        -0.205861      0.002265      0.279341
      4.89270      1.66345     10.39651        -0.059526     -0.079591      0.187306
      2.86357      2.41405     10.04709         0.244829      0.037831     -0.139916
      3.84339      2.23656      8.56858        -0.030577     -0.046591     -0.096984
      4.15316      3.58638      9.66965        -0.008107      0.017964      0.002372
      5.89530      1.72942      9.95751         0.088807      0.023935     -0.043776
      4.60426      0.60007     10.39585         0.006936      0.069483     -0.020932
      4.97464      1.97708     11.45241        -0.029566     -0.020091     -0.142062
 
=========PATH==========
/home/srr516/alkanes-Pt111/Pt-111/ethane/ethane_0.015/fromComet/ethane_0.015/30
=========ENERGY========
   1 F= -.19328249E+03 E0= -.19328542E+03  d E =0.879757E-02
=========Coordinates/Forces=========
 POSITION                                       TOTAL-FORCE (eV/Angst)
      3.88701      2.52324      9.63301        -0.078688      0.273591      0.358149
      4.88695      1.66563     10.40033         0.138272     -0.137495     -0.098761
      2.86926      2.42134     10.04540         0.066037      0.015327     -0.081521
      3.84360      2.23310      8.57336        -0.025796     -0.032315     -0.199654
      4.15372      3.59711      9.67431        -0.044315     -0.234212     -0.047264
      5.89157      1.73350      9.95197        -0.047613     -0.007476      0.056680
      4.60013      0.59998     10.39548         0.013421      0.129825      0.005693
      4.97177      1.98415     11.44807        -0.015843      0.000074      0.035464
 
=========PATH==========
/home/srr516/alkanes-Pt111/Pt-111/ethane/ethane_0.015/fromComet/ethane_0.015/31
=========ENERGY========
   1 F= -.19328171E+03 E0= -.19328464E+03  d E =0.879522E-02
=========Coordinates/Forces=========
 POSITION                                       TOTAL-FORCE (eV/Angst)
      3.88384      2.51462      9.63875         0.290595      0.451607     -0.025650
      4.89183      1.66373     10.40182         0.103208     -0.148710     -0.199905
      2.87118      2.42113     10.03683        -0.206782     -0.059622      0.091985
      3.84361      2.23396      8.57080        -0.011114     -0.036835     -0.051966
      4.15503      3.58942      9.67462        -0.074192     -0.259778     -0.026372
      5.90024      1.73333      9.95380        -0.170412     -0.010676      0.089445
      4.59891      0.60224     10.39731         0.051985      0.035409      0.007576
      4.96940      1.98060     11.44709         0.019502      0.034971      0.137378
 
=========PATH==========
/home/srr516/alkanes-Pt111/Pt-111/ethane/ethane_0.015/fromComet/ethane_0.015/32
=========ENERGY========
   1 F= -.19328421E+03 E0= -.19328714E+03  d E =0.879463E-02
=========Coordinates/Forces=========
 POSITION                                       TOTAL-FORCE (eV/Angst)
      3.88484      2.52115      9.63754         0.081535      0.203986      0.095442
      4.89228      1.66737     10.39944        -0.035550     -0.174633     -0.063588
      2.86960      2.41731     10.04426        -0.024800      0.005296      0.000551
      3.84015      2.23809      8.57232        -0.016303     -0.048800     -0.106970
      4.15507      3.58939      9.67186        -0.048574     -0.073503     -0.007540
      5.89725      1.72770      9.95323        -0.049524      0.019183      0.036000
      4.59220      0.60554     10.39444         0.069540      0.103600      0.035574
      4.96855      1.99062     11.44653         0.026135     -0.027276      0.036827
 
=========PATH==========
/home/srr516/alkanes-Pt111/Pt-111/ethane/ethane_0.015/fromComet/ethane_0.015/33
=========ENERGY========
   1 F= -.19328403E+03 E0= -.19328696E+03  d E =0.878969E-02
=========Coordinates/Forces=========
 POSITION                                       TOTAL-FORCE (eV/Angst)
      3.88861      2.52293      9.63906        -0.061965      0.001313     -0.063398
      4.89194      1.66824     10.39825        -0.083303     -0.100142      0.227277
      2.87306      2.41821     10.04260        -0.053283      0.011664      0.024373
      3.83728      2.23799      8.56960         0.019674     -0.020007      0.018729
      4.15559      3.58474      9.67040         0.013374      0.134733      0.004175
      5.89103      1.73345      9.95597         0.149372      0.011662     -0.046177
      4.59531      0.60903     10.39373         0.034298      0.000810      0.004429
      4.97303      1.98181     11.45436        -0.014363     -0.031391     -0.145190
 
=========PATH==========
/home/srr516/alkanes-Pt111/Pt-111/ethane/ethane_0.015/fromComet/ethane_0.015/34
=========ENERGY========
   1 F= -.19328291E+03 E0= -.19328584E+03  d E =0.878436E-02
=========Coordinates/Forces=========
 POSITION                                       TOTAL-FORCE (eV/Angst)
      3.88770      2.52300      9.63804        -0.218284     -0.063002     -0.202697
      4.88814      1.66339     10.39432         0.203664      0.052050      0.297236
      2.86490      2.41532     10.03923         0.123289      0.030770     -0.042154
      3.84038      2.23233      8.56339         0.004919      0.063550      0.173301
      4.15270      3.58833      9.67069         0.005697      0.024435     -0.000573
      5.89542      1.72351      9.95163        -0.063362      0.024976      0.027061
      4.59897      0.60474     10.39989        -0.040823     -0.052684     -0.021215
      4.97275      1.98541     11.45067        -0.009161     -0.072423     -0.212198
 
=========PATH==========
/home/srr516/alkanes-Pt111/Pt-111/ethane/ethane_0.015/fromComet/ethane_0.015/35
=========ENERGY========
   1 F= -.19328124E+03 E0= -.19328417E+03  d E =0.879558E-02
=========Coordinates/Forces=========
 POSITION                                       TOTAL-FORCE (eV/Angst)
      3.88243      2.52711      9.64383         0.327204      0.046489     -0.189521
      4.89509      1.66524     10.40632        -0.217058     -0.180244     -0.393568
      2.86970      2.41936     10.04401        -0.137383      0.016214      0.063618
      3.83982      2.23873      8.56802         0.003845      0.046425      0.202321
      4.15854      3.59652      9.67507        -0.083168     -0.158802      0.005658
      5.89588      1.73187      9.95525        -0.005550      0.011474      0.034776
      4.59775      0.60099     10.39761         0.064227      0.159563      0.009744
      4.97030      1.97999     11.44716         0.048156      0.070394      0.287341
 
=========PATH==========
/home/srr516/alkanes-Pt111/Pt-111/ethane/ethane_0.015/fromComet/ethane_0.015/36
=========ENERGY========
   1 F= -.19328189E+03 E0= -.19328482E+03  d E =0.879952E-02
=========Coordinates/Forces=========
 POSITION                                       TOTAL-FORCE (eV/Angst)
      3.88519      2.52502      9.63569         0.183659     -0.213057      0.204838
      4.89710      1.66158     10.40380        -0.460080     -0.016971     -0.161557
      2.87135      2.42144     10.04172        -0.070081     -0.010360      0.010820
      3.84344      2.24002      8.57003        -0.013492     -0.040475     -0.075903
      4.15494      3.58399      9.67392         0.037146      0.185222     -0.002850
      5.89071      1.73105      9.95764         0.233490     -0.011598     -0.079671
      4.59392      0.60162     10.40199         0.073015      0.086903     -0.001605
      4.97334      1.98393     11.44771         0.018445      0.023534      0.131153
 
=========PATH==========
/home/srr516/alkanes-Pt111/Pt-111/ethane/ethane_0.015/fromComet/ethane_0.015/37
=========ENERGY========
   1 F= -.19328207E+03 E0= -.19328500E+03  d E =0.879332E-02
=========Coordinates/Forces=========
 POSITION                                       TOTAL-FORCE (eV/Angst)
      3.88916      2.51955      9.63930        -0.280602      0.154192      0.190188
      4.89168      1.66009     10.40391         0.219020      0.120496     -0.262717
      2.86191      2.41817     10.04667         0.275643      0.027948     -0.106728
      3.83843      2.23280      8.57291         0.011428     -0.017426     -0.040193
      4.15527      3.59034      9.67464        -0.027045     -0.137231     -0.014378
      5.89968      1.72919      9.95064        -0.194623     -0.022504      0.123998
      4.59877      0.60433     10.39534        -0.010579     -0.108007      0.031391
      4.97427      1.98433     11.44769         0.011612     -0.010353      0.106863
 
=========PATH==========
/home/srr516/alkanes-Pt111/Pt-111/ethane/ethane_0.015/fromComet/ethane_0.015/38
=========ENERGY========
   1 F= -.19328200E+03 E0= -.19328493E+03  d E =0.879749E-02
=========Coordinates/Forces=========
 POSITION                                       TOTAL-FORCE (eV/Angst)
      3.88377      2.52285      9.63759         0.168629     -0.015220      0.043187
      4.89683      1.66380     10.40441        -0.359020     -0.233139     -0.338256
      2.86725      2.42006     10.04063        -0.024577     -0.022240      0.015082
      3.83985      2.23771      8.56642         0.007167      0.003994      0.073403
      4.15062      3.58976      9.67551        -0.007189     -0.026568     -0.017564
      5.89515      1.72679      9.95962         0.129111      0.026268     -0.062591
      4.59913      0.59829     10.40022         0.071372      0.197467      0.013290
      4.97559      1.98243     11.44361         0.015671      0.074855      0.297125
 
=========PATH==========
/home/srr516/alkanes-Pt111/Pt-111/ethane/ethane_0.015/fromComet/ethane_0.015/39
=========ENERGY========
   1 F= -.19328287E+03 E0= -.19328580E+03  d E =0.879292E-02
=========Coordinates/Forces=========
 POSITION                                       TOTAL-FORCE (eV/Angst)
      3.88302      2.52210      9.64139         0.229642      0.116814     -0.175190
      4.89075      1.65966     10.39693        -0.214686      0.161316      0.256696
      2.87128      2.42604     10.04141        -0.206228     -0.051881      0.083302
      3.83980      2.23961      8.56896        -0.021527     -0.001736      0.067815
      4.15094      3.59070      9.67167         0.008594     -0.079923      0.018436
      5.88717      1.73419      9.95796         0.228788     -0.003425     -0.103418
      4.59944      0.60307     10.39945        -0.016526     -0.099109     -0.038789
      4.96986      1.97815     11.45029         0.000001     -0.034410     -0.087778
 
=========PATH==========
/home/srr516/alkanes-Pt111/Pt-111/ethane/ethane_0.015/fromComet/ethane_0.015/40
=========ENERGY========
   1 F= -.19328428E+03 E0= -.19328721E+03  d E =0.879517E-02
=========Coordinates/Forces=========
 POSITION                                       TOTAL-FORCE (eV/Angst)
      3.88634      2.52121      9.64040         0.028493      0.038132     -0.097207
      4.89390      1.66059     10.39840        -0.093833      0.101364      0.123950
      2.86997      2.41824     10.04861         0.013412     -0.000730     -0.029937
      3.84126      2.23247      8.56655        -0.016380      0.059150      0.156688
      4.15669      3.58895      9.67895        -0.029322     -0.080413     -0.029798
      5.89281      1.73087      9.95333         0.113834      0.019833     -0.026602
      4.60439      0.60211     10.39064        -0.015662     -0.055311      0.024316
      4.97233      1.98370     11.45053         0.007487     -0.077447     -0.097989
 
=========PATH==========
/home/srr516/alkanes-Pt111/Pt-111/ethane/ethane_0.015/fromComet/ethane_0.015/41
=========ENERGY========
   1 F= -.19328080E+03 E0= -.19328373E+03  d E =0.879122E-02
=========Coordinates/Forces=========
 POSITION                                       TOTAL-FORCE (eV/Angst)
      3.88219      2.51973      9.63875         0.222075      0.381798     -0.195090
      4.89192      1.66531     10.39233        -0.161650     -0.152413      0.437806
      2.86774      2.42458     10.04212        -0.088238     -0.041818      0.030765
      3.84258      2.23641      8.56467        -0.040288      0.027476      0.115984
      4.15716      3.59434      9.67296        -0.091259     -0.283515     -0.021332
      5.89349      1.72897      9.95574         0.124013      0.038464     -0.078219
      4.59898      0.60148     10.39742         0.040501      0.104551     -0.028160
      4.96978      1.98203     11.45174        -0.000940     -0.065901     -0.239816
 
=========PATH==========
/home/srr516/alkanes-Pt111/Pt-111/ethane/ethane_0.015/fromComet/ethane_0.015/42
=========ENERGY========
   1 F= -.19328280E+03 E0= -.19328573E+03  d E =0.880150E-02
=========Coordinates/Forces=========
 POSITION                                       TOTAL-FORCE (eV/Angst)
      3.87775      2.52115      9.63809         0.436976      0.103578     -0.046168
      4.89227      1.66635     10.39991        -0.075927     -0.202007     -0.112878
      2.87034      2.42236     10.04359        -0.256067     -0.053730      0.083433
      3.83936      2.23387      8.56767        -0.030350      0.016404      0.064461
      4.15172      3.58720      9.67657        -0.040911     -0.040685     -0.038505
      5.89928      1.73409      9.95946        -0.066000      0.022346     -0.008742
      4.60109      0.60099     10.39198         0.059321      0.134981      0.009007
      4.97443      1.97685     11.44901        -0.024674      0.030796      0.075171
 
=========PATH==========
/home/srr516/alkanes-Pt111/Pt-111/ethane/ethane_0.015/fromComet/ethane_0.015/43
=========ENERGY========
   1 F= -.19328341E+03 E0= -.19328635E+03  d E =0.879648E-02
=========Coordinates/Forces=========
 POSITION                                       TOTAL-FORCE (eV/Angst)
      3.88291      2.51667      9.63890         0.145271      0.243283      0.015674
      4.89344      1.66557     10.39880        -0.107834     -0.299504     -0.048363
      2.86975      2.41888     10.04656        -0.081406     -0.036986      0.022469
      3.83920      2.23356      8.57260        -0.031949     -0.049869     -0.075823
      4.15029      3.58565      9.66898        -0.022759     -0.067166      0.000310
      5.89852      1.72703      9.95547        -0.031016      0.029718      0.014173
      4.59463      0.59977     10.39286         0.096862      0.199399      0.029798
      4.96694      1.98464     11.44637         0.032052     -0.010731      0.065463
 
=========PATH==========
/home/srr516/alkanes-Pt111/Pt-111/ethane/ethane_0.015/fromComet/ethane_0.015/44
=========ENERGY========
   1 F= -.19328236E+03 E0= -.19328529E+03  d E =0.879749E-02
=========Coordinates/Forces=========
 POSITION                                       TOTAL-FORCE (eV/Angst)
      3.87946      2.52655      9.64110         0.431939     -0.086704     -0.244455
      4.89234      1.66198     10.39683        -0.071868      0.175194      0.060046
      2.87400      2.41928     10.04677        -0.289003     -0.021850      0.089966
      3.83939      2.23402      8.56652        -0.036985      0.078994      0.188555
      4.15112      3.59256      9.67503        -0.020977     -0.043480     -0.007914
      5.89788      1.73512      9.96074         0.008205      0.001860     -0.042113
      4.60250      0.60472     10.39765        -0.020023     -0.089381     -0.041073
      4.96986      1.97878     11.44702         0.003386     -0.004117      0.021673
 
=========PATH==========
/home/srr516/alkanes-Pt111/Pt-111/ethane/ethane_0.015/fromComet/ethane_0.015/45
=========ENERGY========
   1 F= -.19328348E+03 E0= -.19328641E+03  d E =0.878817E-02
=========Coordinates/Forces=========
 POSITION                                       TOTAL-FORCE (eV/Angst)
      3.88635      2.52216      9.64341         0.075117      0.037557     -0.354155
      4.89375      1.66216     10.39488         0.024613      0.121351      0.061574
      2.87183      2.41532     10.04412        -0.093222     -0.010193      0.046441
      3.84024      2.23581      8.56640        -0.010748      0.053912      0.202533
      4.15027      3.59003      9.67225        -0.001050     -0.031947      0.019869
      5.89823      1.72872      9.95476         0.012558      0.018258     -0.029044
      4.59909      0.60763     10.38878        -0.016383     -0.134065      0.022307
      4.97307      1.98556     11.44219         0.016187     -0.049967      0.049327
 
=========PATH==========
/home/srr516/alkanes-Pt111/Pt-111/ethane/ethane_0.015/fromComet/ethane_0.015/46
=========ENERGY========
   1 F= -.19328387E+03 E0= -.19328680E+03  d E =0.879837E-02
=========Coordinates/Forces=========
 POSITION                                       TOTAL-FORCE (eV/Angst)
      3.88396      2.52127      9.63680         0.092392      0.084146      0.144936
      4.89291      1.66438     10.40329        -0.235860     -0.227539     -0.074811
      2.86778      2.41595     10.04621         0.026711      0.013617     -0.043808
      3.84254      2.23250      8.56951        -0.019059      0.003859     -0.005612
      4.15517      3.58997      9.67601        -0.053127     -0.107921     -0.032633
      5.89354      1.73154      9.96064         0.094970      0.012056     -0.018545
      4.59792      0.59776     10.40041         0.074780      0.203091     -0.009872
      4.96543      1.98012     11.45165         0.021782      0.023771      0.065346
 
=========PATH==========
/home/srr516/alkanes-Pt111/Pt-111/ethane/ethane_0.015/fromComet/ethane_0.015/47
=========ENERGY========
   1 F= -.19328382E+03 E0= -.19328675E+03  d E =0.879290E-02
=========Coordinates/Forces=========
 POSITION                                       TOTAL-FORCE (eV/Angst)
      3.88567      2.52176      9.63632         0.153032      0.186329      0.062984
      4.89030      1.65946     10.39575         0.108093      0.150463     -0.053606
      2.87438      2.41693     10.04551        -0.114156      0.013655      0.013439
      3.83956      2.23568      8.57074        -0.024670     -0.027791     -0.078248
      4.15524      3.59406      9.66716        -0.044729     -0.203045      0.014434
      5.89606      1.73134      9.95481        -0.022118     -0.003159      0.013607
      4.60518      0.60272     10.39546        -0.058756     -0.140315     -0.039903
      4.96868      1.97489     11.44350         0.011578      0.027954      0.089365
 
=========PATH==========
/home/srr516/alkanes-Pt111/Pt-111/ethane/ethane_0.015/fromComet/ethane_0.015/48
=========ENERGY========
   1 F= -.19328074E+03 E0= -.19328368E+03  d E =0.880224E-02
=========Coordinates/Forces=========
 POSITION                                       TOTAL-FORCE (eV/Angst)
      3.87951      2.52215      9.63132         0.241623      0.197963      0.447912
      4.88638      1.66438     10.39826         0.269363      0.007445     -0.079008
      2.86952      2.42245     10.04537        -0.112646     -0.003713     -0.010514
      3.83958      2.23698      8.57480        -0.047756     -0.095549     -0.320781
      4.15578      3.58905      9.67158        -0.052905     -0.088500     -0.031400
      5.89877      1.73230      9.95048        -0.254425     -0.008987      0.108160
      4.59946      0.60208     10.39359         0.003983      0.031090      0.010343
      4.97521      1.98301     11.45024        -0.045981     -0.029213     -0.094267
 
=========PATH==========
/home/srr516/alkanes-Pt111/Pt-111/ethane/ethane_0.015/fromComet/ethane_0.015/49
=========ENERGY========
   1 F= -.19328368E+03 E0= -.19328661E+03  d E =0.879540E-02
=========Coordinates/Forces=========
 POSITION                                       TOTAL-FORCE (eV/Angst)
      3.88335      2.52735      9.63875         0.117105     -0.117231      0.040983
      4.88614      1.66172     10.40205         0.259375      0.091066     -0.247117
      2.87120      2.42105     10.04955        -0.070956      0.045002     -0.015433
      3.83808      2.23752      8.57085        -0.024423     -0.012429      0.015761
      4.15947      3.58910      9.66713        -0.014911      0.056623      0.025861
      5.89752      1.72929      9.95614        -0.207471     -0.016488      0.077907
      4.59603      0.60316     10.39386        -0.022131     -0.039144      0.015687
      4.97546      1.98127     11.44676        -0.031087      0.004228      0.115834
 
=========PATH==========
/home/srr516/alkanes-Pt111/Pt-111/ethane/ethane_0.015/fromComet/ethane_0.015/50
=========ENERGY========
   1 F= -.19328412E+03 E0= -.19328705E+03  d E =0.879859E-02
=========Coordinates/Forces=========
 POSITION                                       TOTAL-FORCE (eV/Angst)
      3.88239      2.52403      9.63495         0.127195     -0.098418      0.216994
      4.89010      1.65893     10.40033        -0.115163      0.120378     -0.086708
      2.86470      2.41978     10.04076         0.034615      0.024178     -0.026385
      3.84317      2.23122      8.57174        -0.031137     -0.002573     -0.098787
      4.15916      3.58707      9.67244        -0.032234      0.006273     -0.019252
      5.89206      1.72461      9.95866         0.068062      0.010163     -0.057688
      4.59765      0.60146     10.39921        -0.022685     -0.056822      0.003169
      4.97653      1.98237     11.44494        -0.024385      0.000657      0.094546
 
=========PATH==========
/home/srr516/alkanes-Pt111/Pt-111/ethane/ethane_0.015/fromComet/ethane_0.015/51
=========ENERGY========
   1 F= -.19328449E+03 E0= -.19328742E+03  d E =0.879332E-02
=========Coordinates/Forces=========
 POSITION                                       TOTAL-FORCE (eV/Angst)
      3.88481      2.52793      9.63833         0.040198     -0.159771      0.054481
      4.89133      1.66175     10.40364        -0.070634      0.156469     -0.034241
      2.86705      2.41457     10.04357         0.048490      0.055963     -0.028645
      3.83960      2.23405      8.57010        -0.000081      0.017728      0.041589
      4.15207      3.59406      9.66712        -0.011483     -0.020296      0.023850
      5.89513      1.72964      9.96402         0.046927      0.014943     -0.034613
      4.60097      0.60218     10.39448        -0.020549     -0.002179      0.024946
      4.97376      1.98544     11.45264        -0.029642     -0.056185     -0.021994
 
=========PATH==========
/home/srr516/alkanes-Pt111/Pt-111/ethane/ethane_0.015/fromComet/ethane_0.015/52
=========ENERGY========
   1 F= -.19328397E+03 E0= -.19328690E+03  d E =0.879030E-02
=========Coordinates/Forces=========
 POSITION                                       TOTAL-FORCE (eV/Angst)
      3.89005      2.52049      9.64337        -0.079464     -0.096604     -0.151693
      4.89650      1.65999     10.40327        -0.122888      0.044580     -0.162845
      2.87067      2.41911     10.04272         0.004746     -0.018906      0.023817
      3.84058      2.23389      8.57152         0.010692     -0.009033      0.085336
      4.14860      3.58445      9.66648         0.072136      0.124055      0.043809
      5.89614      1.72843      9.95395         0.048989     -0.002836      0.015688
      4.59717      0.60315     10.39351         0.028019     -0.028329      0.030390
      4.97243      1.98237     11.44731         0.040286     -0.010938      0.136798
 
=========PATH==========
/home/srr516/alkanes-Pt111/Pt-111/ethane/ethane_0.015/fromComet/ethane_0.015/53
=========ENERGY========
   1 F= -.19328427E+03 E0= -.19328720E+03  d E =0.878754E-02
=========Coordinates/Forces=========
 POSITION                                       TOTAL-FORCE (eV/Angst)
      3.88867      2.52356      9.64073        -0.312131     -0.069944     -0.038317
      4.89085      1.66410     10.39604         0.058201     -0.066657      0.125566
      2.86312      2.41992     10.04137         0.181590      0.010424     -0.044116
      3.83750      2.24153      8.57037         0.015254     -0.009624      0.013334
      4.15128      3.58593      9.67518         0.044916      0.136194      0.013802
      5.89537      1.73327      9.95363        -0.001690      0.006875      0.013724
      4.60140      0.60235     10.39287         0.008118      0.034534     -0.012269
      4.96888      1.98093     11.44834         0.013194     -0.033190     -0.048997
 
=========PATH==========
/home/srr516/alkanes-Pt111/Pt-111/ethane/ethane_0.015/fromComet/ethane_0.015/54
=========ENERGY========
   1 F= -.19328463E+03 E0= -.19328756E+03  d E =0.879565E-02
=========Coordinates/Forces=========
 POSITION                                       TOTAL-FORCE (eV/Angst)
      3.88433      2.52100      9.64020         0.175085     -0.004104     -0.013445
      4.89325      1.65836     10.39830         0.097644      0.197370     -0.077569
      2.87364      2.41593     10.04848        -0.130829      0.004091      0.040778
      3.83463      2.23413      8.57184        -0.005880     -0.008036      0.005950
      4.15413      3.58708      9.67127        -0.010666     -0.025418      0.010922
      5.90034      1.73299      9.95624        -0.084737     -0.023367      0.020325
      4.60367      0.60318     10.39709        -0.028846     -0.153306     -0.029828
      4.97526      1.97519     11.44619        -0.005808      0.015598      0.067852
 
=========PATH==========
/home/srr516/alkanes-Pt111/Pt-111/ethane/ethane_0.015/fromComet/ethane_0.015/55
=========ENERGY========
   1 F= -.19328361E+03 E0= -.19328655E+03  d E =0.879620E-02
=========Coordinates/Forces=========
 POSITION                                       TOTAL-FORCE (eV/Angst)
      3.88403      2.52695      9.63891         0.096437     -0.226265     -0.008415
      4.89300      1.66232     10.39468        -0.063899      0.187993      0.205050
      2.87064      2.42094     10.04837        -0.039015      0.004851     -0.005589
      3.83912      2.23728      8.56957        -0.029204      0.020463      0.043098
      4.15445      3.58553      9.67333         0.032447      0.189351      0.001371
      5.89666      1.72855      9.96051         0.095203      0.024060     -0.097344
      4.60072      0.60812     10.39226        -0.042492     -0.163509     -0.017654
      4.97924      1.97628     11.44920        -0.042850     -0.027270     -0.096979
 
=========PATH==========
/home/srr516/alkanes-Pt111/Pt-111/ethane/ethane_0.015/fromComet/ethane_0.015/56
=========ENERGY========
   1 F= -.19328316E+03 E0= -.19328609E+03  d E =0.879367E-02
=========Coordinates/Forces=========
 POSITION                                       TOTAL-FORCE (eV/Angst)
      3.88496      2.52882      9.63723         0.016005     -0.156866      0.158560
      4.89486      1.66095     10.40315        -0.254793      0.232718     -0.134323
      2.86442      2.41592     10.04437         0.144558      0.075875     -0.059209
      3.83759      2.23904      8.56923         0.007978     -0.003913      0.014275
      4.15908      3.59378      9.66878        -0.046527     -0.030782      0.020989
      5.89294      1.73463      9.95864         0.134731     -0.002664     -0.033325
      4.60018      0.60503     10.39234        -0.008279     -0.080962      0.017164
      4.96997      1.98326     11.45044         0.009875     -0.028647      0.042354
 
=========PATH==========
/home/srr516/alkanes-Pt111/Pt-111/ethane/ethane_0.015/fromComet/ethane_0.015/57
=========ENERGY========
   1 F= -.19328315E+03 E0= -.19328608E+03  d E =0.879139E-02
=========Coordinates/Forces=========
 POSITION                                       TOTAL-FORCE (eV/Angst)
      3.88327      2.52146      9.64477         0.173579      0.237137     -0.265698
      4.88743      1.66172     10.40048         0.147493     -0.143764     -0.100200
      2.86818      2.42393     10.04388        -0.115168     -0.005964      0.058005
      3.83944      2.23448      8.57050        -0.015291      0.028477      0.145486
      4.16004      3.59250      9.67113        -0.072576     -0.201621      0.015731
      5.89471      1.72690      9.95439        -0.114290      0.002890      0.026812
      4.59649      0.59859     10.39650         0.018556      0.086226      0.010910
      4.97745      1.98005     11.44519        -0.015237      0.007414      0.131470
 
=========PATH==========
/home/srr516/alkanes-Pt111/Pt-111/ethane/ethane_0.015/fromComet/ethane_0.015/58
=========ENERGY========
   1 F= -.19328427E+03 E0= -.19328720E+03  d E =0.879313E-02
=========Coordinates/Forces=========
 POSITION                                       TOTAL-FORCE (eV/Angst)
      3.88452      2.52135      9.63843        -0.054406      0.129855      0.059764
      4.89146      1.66091     10.40100        -0.055411      0.157276      0.043157
      2.86134      2.42148     10.04082         0.133060     -0.004492     -0.042081
      3.83984      2.23527      8.56895        -0.003218      0.002248      0.023883
      4.15187      3.59313      9.67288        -0.029365     -0.174478     -0.005465
      5.89296      1.73010      9.95807         0.071294      0.031786     -0.016184
      4.60853      0.60281     10.39881        -0.065584     -0.115411     -0.011718
      4.96876      1.98083     11.45136         0.009462     -0.020574     -0.026464
 
=========PATH==========
/home/srr516/alkanes-Pt111/Pt-111/ethane/ethane_0.015/fromComet/ethane_0.015/59
=========ENERGY========
   1 F= -.19328256E+03 E0= -.19328549E+03  d E =0.879566E-02
=========Coordinates/Forces=========
 POSITION                                       TOTAL-FORCE (eV/Angst)
      3.88464      2.52097      9.63708         0.073199     -0.010984      0.008013
      4.89688      1.65767     10.39381        -0.306361      0.307331      0.281432
      2.86796      2.42520     10.04664         0.028583     -0.034473     -0.018929
      3.83804      2.23287      8.56717        -0.028222      0.017819      0.051404
      4.15444      3.58655      9.67129         0.011547     -0.010833     -0.014897
      5.89201      1.73050      9.95187         0.224734     -0.007793     -0.100429
      4.59791      0.60591     10.39692        -0.005421     -0.182099     -0.018169
      4.97501      1.98305     11.44806         0.008042     -0.077741     -0.168602
 
=========PATH==========
/home/srr516/alkanes-Pt111/Pt-111/ethane/ethane_0.015/fromComet/ethane_0.015/60
=========ENERGY========
   1 F= -.19328347E+03 E0= -.19328640E+03  d E =0.879212E-02
=========Coordinates/Forces=========
 POSITION                                       TOTAL-FORCE (eV/Angst)
      3.89150      2.52621      9.63800        -0.323920     -0.116179      0.227108
      4.89020      1.66381     10.40140        -0.011220     -0.072466     -0.076568
      2.86819      2.41682     10.04543         0.183290      0.040697     -0.089492
      3.83960      2.24383      8.57272         0.019389     -0.039437     -0.102603
      4.15112      3.58921      9.67828         0.052384      0.124644      0.002056
      5.89213      1.73062      9.96203         0.114553      0.005054     -0.049287
      4.60118      0.60203     10.39736        -0.010651      0.039938     -0.007647
      4.97357      1.98075     11.44701        -0.019337      0.024770      0.125330
 
=========PATH==========
/home/srr516/alkanes-Pt111/Pt-111/ethane/ethane_0.015/fromComet/ethane_0.015/61
=========ENERGY========
   1 F= -.19328378E+03 E0= -.19328671E+03  d E =0.879042E-02
=========Coordinates/Forces=========
 POSITION                                       TOTAL-FORCE (eV/Angst)
      3.88530      2.51500      9.63693         0.057798      0.333760      0.008870
      4.88997      1.65854     10.39662         0.091376      0.120516      0.085059
      2.86962      2.41994     10.04077        -0.071405     -0.041134      0.013470
      3.84147      2.23874      8.56828        -0.023522     -0.071552     -0.062360
      4.14968      3.58820      9.66651        -0.010203     -0.175810      0.027577
      5.89338      1.73050      9.95166        -0.004465     -0.006138      0.014229
      4.60164      0.60120     10.39243        -0.019821     -0.100650      0.011080
      4.97242      1.98128     11.44779        -0.012371     -0.055686     -0.077190
 
=========PATH==========
/home/srr516/alkanes-Pt111/Pt-111/ethane/ethane_0.015/fromComet/ethane_0.015/62
=========ENERGY========
   1 F= -.19328308E+03 E0= -.19328601E+03  d E =0.879840E-02
=========Coordinates/Forces=========
 POSITION                                       TOTAL-FORCE (eV/Angst)
      3.88433      2.52531      9.63316         0.116825     -0.180670      0.363101
      4.89330      1.66281     10.40037        -0.017306      0.101480     -0.040014
      2.87127      2.41442     10.04498        -0.019653      0.046410     -0.025170
      3.84106      2.23280      8.57544        -0.028657     -0.065659     -0.243193
      4.15549      3.58587      9.66543         0.002423      0.124608      0.008689
      5.89897      1.73188      9.95447        -0.074319     -0.021444      0.047393
      4.59749      0.60349     10.40167         0.024829      0.016397     -0.022662
      4.97302      1.98357     11.45135        -0.002045     -0.015900     -0.061954
 
=========PATH==========
/home/srr516/alkanes-Pt111/Pt-111/ethane/ethane_0.015/fromComet/ethane_0.015/63
=========ENERGY========
   1 F= -.19328430E+03 E0= -.19328723E+03  d E =0.879634E-02
=========Coordinates/Forces=========
 POSITION                                       TOTAL-FORCE (eV/Angst)
      3.88362      2.52558      9.64023         0.003564     -0.104760     -0.017475
      4.89054      1.65960     10.39865        -0.044072      0.129601     -0.132712
      2.86597      2.42488     10.05143         0.074303      0.006101     -0.061657
      3.83959      2.23770      8.56905        -0.041557      0.020913      0.083095
      4.15587      3.58904      9.67297         0.008004      0.030881      0.007901
      5.89352      1.72444      9.95422         0.013594      0.012001     -0.011855
      4.59712      0.60368     10.39850        -0.033810     -0.094794     -0.006118
      4.97074      1.98364     11.44124         0.027676      0.008383      0.164801
 
=========PATH==========
/home/srr516/alkanes-Pt111/Pt-111/ethane/ethane_0.015/fromComet/ethane_0.015/64
=========ENERGY========
   1 F= -.19328261E+03 E0= -.19328554E+03  d E =0.879628E-02
=========Coordinates/Forces=========
 POSITION                                       TOTAL-FORCE (eV/Angst)
      3.88740      2.52665      9.63557        -0.036670     -0.420729      0.138769
      4.89588      1.65810     10.40083        -0.213622      0.178406     -0.035349
      2.87049      2.42090     10.04360         0.027639      0.010488     -0.019952
      3.83651      2.23329      8.56813         0.015285      0.017842      0.031517
      4.15184      3.58334      9.67129         0.090352      0.277493     -0.005021
      5.89367      1.73308      9.95142         0.084671     -0.042925     -0.000099
      4.59565      0.60032     10.39740         0.040970      0.014129     -0.014980
      4.97711      1.97868     11.45201        -0.004261     -0.030153     -0.069068
 
=========PATH==========
/home/srr516/alkanes-Pt111/Pt-111/ethane/ethane_0.015/fromComet/ethane_0.015/65
=========ENERGY========
   1 F= -.19328428E+03 E0= -.19328721E+03  d E =0.878960E-02
=========Coordinates/Forces=========
 POSITION                                       TOTAL-FORCE (eV/Angst)
      3.88989      2.51540      9.63887        -0.030762      0.276588      0.058990
      4.89363      1.66199     10.40207         0.078432      0.008941     -0.012815
      2.87158      2.41906     10.03917        -0.030981     -0.030480      0.032392
      3.83997      2.23742      8.57283         0.015739     -0.089379     -0.116849
      4.15216      3.58590      9.66707         0.006284     -0.082292      0.024442
      5.90001      1.73296      9.95960        -0.057878     -0.023191      0.032180
      4.59973      0.60431     10.40148         0.023947     -0.058936     -0.010830
      4.97190      1.98100     11.45113        -0.001059      0.003490      0.015289
 
=========PATH==========
/home/srr516/alkanes-Pt111/Pt-111/ethane/ethane_0.015/fromComet/ethane_0.015/66
=========ENERGY========
   1 F= -.19328378E+03 E0= -.19328671E+03  d E =0.879198E-02
=========Coordinates/Forces=========
 POSITION                                       TOTAL-FORCE (eV/Angst)
      3.88490      2.52061      9.63410         0.161488      0.028403      0.024614
      4.89278      1.66357     10.39500        -0.195706     -0.001538      0.290976
      2.87329      2.41178     10.04085        -0.110912      0.011570      0.023318
      3.84099      2.23433      8.56686        -0.015315     -0.016614     -0.036879
      4.15370      3.58616      9.66871        -0.024667      0.002944     -0.003254
      5.89394      1.72837      9.96258         0.187523      0.023306     -0.108219
      4.59766      0.60448     10.39878         0.017636     -0.008058     -0.026209
      4.96924      1.98186     11.45038        -0.013849     -0.035339     -0.141781
 
=========PATH==========
/home/srr516/alkanes-Pt111/Pt-111/ethane/ethane_0.015/fromComet/ethane_0.015/67
=========ENERGY========
   1 F= -.19328270E+03 E0= -.19328563E+03  d E =0.880077E-02
=========Coordinates/Forces=========
 POSITION                                       TOTAL-FORCE (eV/Angst)
      3.88022      2.51946      9.63191         0.106584      0.130190      0.429040
      4.88953      1.66098     10.40025        -0.017806      0.091734     -0.234812
      2.86467      2.41854     10.04453         0.024927     -0.007894     -0.060904
      3.84094      2.24098      8.57141        -0.042628     -0.102013     -0.256518
      4.15057      3.58667      9.67358        -0.023833     -0.057515     -0.012942
      5.89293      1.73134      9.95251        -0.032057     -0.004341      0.029300
      4.60077      0.60234     10.39763        -0.011692     -0.057377      0.010410
      4.97009      1.98593     11.44322         0.001917      0.012340      0.127486
 
=========PATH==========
/home/srr516/alkanes-Pt111/Pt-111/ethane/ethane_0.015/fromComet/ethane_0.015/68
=========ENERGY========
   1 F= -.19328379E+03 E0= -.19328672E+03  d E =0.879386E-02
=========Coordinates/Forces=========
 POSITION                                       TOTAL-FORCE (eV/Angst)
      3.88438      2.52103      9.64046         0.232436      0.042098     -0.018644
      4.89907      1.66260     10.39744        -0.244376     -0.143791     -0.045651
      2.87050      2.41914     10.04153        -0.105292     -0.029526      0.070212
      3.84091      2.23740      8.57387        -0.023285     -0.054537     -0.077773
      4.15096      3.58675      9.66481         0.006366      0.026900      0.041548
      5.90186      1.72765      9.95586         0.029362      0.019715     -0.032472
      4.59779      0.60043     10.39327         0.080258      0.122864     -0.004430
      4.97417      1.97694     11.44549         0.028386      0.016531      0.092327
 
=========PATH==========
/home/srr516/alkanes-Pt111/Pt-111/ethane/ethane_0.015/fromComet/ethane_0.015/69
=========ENERGY========
   1 F= -.19328166E+03 E0= -.19328460E+03  d E =0.880315E-02
=========Coordinates/Forces=========
 POSITION                                       TOTAL-FORCE (eV/Angst)
      3.88259      2.52550      9.63412         0.212981     -0.141276      0.373024
      4.89500      1.66621     10.40460        -0.120893     -0.157445     -0.296061
      2.87086      2.42100     10.04512        -0.076445     -0.001280      0.007131
      3.83838      2.23637      8.57463        -0.011765     -0.064657     -0.203748
      4.15329      3.58540      9.67256         0.014731      0.152416     -0.022716
      5.90173      1.73198      9.95686        -0.123264     -0.011977      0.070357
      4.59461      0.60230     10.40248         0.089512      0.164789     -0.019541
      4.97160      1.97900     11.45121         0.013786      0.068406      0.120395
 
=========PATH==========
/home/srr516/alkanes-Pt111/Pt-111/ethane/ethane_0.015/fromComet/ethane_0.015/70
=========ENERGY========
   1 F= -.19328313E+03 E0= -.19328607E+03  d E =0.879516E-02
=========Coordinates/Forces=========
 POSITION                                       TOTAL-FORCE (eV/Angst)
      3.88185      2.52166      9.64376         0.210025      0.064051     -0.209671
      4.89148      1.66504     10.39951        -0.174348     -0.146538     -0.102699
      2.86738      2.42117     10.03834        -0.166718     -0.040983      0.090573
      3.84441      2.23246      8.57292        -0.028087      0.029974      0.060503
      4.15056      3.58743      9.67496        -0.007948      0.002983     -0.001597
      5.89091      1.73384      9.95694         0.112625      0.012011     -0.063918
      4.59741      0.60456     10.39692         0.032738      0.020244     -0.014634
      4.97147      1.97761     11.44220         0.025013      0.070253      0.260995
 
=========PATH==========
/home/srr516/alkanes-Pt111/Pt-111/ethane/ethane_0.015/fromComet/ethane_0.015/71
=========ENERGY========
   1 F= -.19328167E+03 E0= -.19328460E+03  d E =0.879079E-02
=========Coordinates/Forces=========
 POSITION                                       TOTAL-FORCE (eV/Angst)
      3.88031      2.51747      9.64251         0.372272      0.351591     -0.288907
      4.89042      1.66366     10.39784         0.004419     -0.128778      0.073203
      2.87182      2.41831     10.04325        -0.273497     -0.030216      0.104849
      3.83902      2.24026      8.56724        -0.027238     -0.028140      0.110641
      4.15499      3.59048      9.66779        -0.085018     -0.226771      0.037736
      5.89452      1.73356      9.95663         0.005559      0.014906     -0.033626
      4.60259      0.59881     10.39280         0.035411      0.108260      0.027648
      4.97530      1.98613     11.44688        -0.025056     -0.052171     -0.011071
 
=========PATH==========
/home/srr516/alkanes-Pt111/Pt-111/ethane/ethane_0.015/fromComet/ethane_0.015/72
=========ENERGY========
   1 F= -.19328504E+03 E0= -.19328797E+03  d E =0.879622E-02
=========Coordinates/Forces=========
 POSITION                                       TOTAL-FORCE (eV/Angst)
      3.88820      2.52180      9.63729        -0.072898     -0.027694      0.141620
      4.89285      1.66047     10.39961        -0.035024      0.069997      0.043545
      2.86732      2.42483     10.04151         0.079433     -0.015596     -0.015769
      3.84019      2.22733      8.57460        -0.004996      0.010300     -0.100357
      4.15615      3.58640      9.67369         0.021004      0.023537     -0.035061
      5.89734      1.73133      9.95841         0.005868      0.005239      0.005478
      4.60241      0.60075     10.39287         0.001193     -0.009971      0.012638
      4.96792      1.98335     11.44952         0.011954     -0.054204     -0.026493
 
=========PATH==========
/home/srr516/alkanes-Pt111/Pt-111/ethane/ethane_0.015/fromComet/ethane_0.015/73
=========ENERGY========
   1 F= -.19328312E+03 E0= -.19328605E+03  d E =0.879445E-02
=========Coordinates/Forces=========
 POSITION                                       TOTAL-FORCE (eV/Angst)
      3.88577      2.53077      9.63629        -0.070143     -0.462168      0.016873
      4.89017      1.66290     10.39830         0.010609      0.077764      0.063269
      2.86771      2.42075     10.04116         0.038158      0.032371     -0.022618
      3.84008      2.22749      8.56872        -0.002965      0.084514      0.083348
      4.15152      3.58744      9.67081         0.072318      0.261951     -0.017582
      5.89478      1.72946      9.95274        -0.034513     -0.001379      0.033933
      4.59711      0.60265     10.39715        -0.006530      0.028076     -0.036309
      4.97243      1.97648     11.45249        -0.002207     -0.012075     -0.093777
 
=========PATH==========
/home/srr516/alkanes-Pt111/Pt-111/ethane/ethane_0.015/fromComet/ethane_0.015/74
=========ENERGY========
   1 F= -.19328364E+03 E0= -.19328657E+03  d E =0.879599E-02
=========Coordinates/Forces=========
 POSITION                                       TOTAL-FORCE (eV/Angst)
      3.88612      2.52099      9.63476         0.003398      0.160023      0.205511
      4.88902      1.66291     10.39662         0.129062      0.068518      0.240471
      2.86910      2.41859     10.03921        -0.017628     -0.014320     -0.006378
      3.84272      2.23229      8.57223        -0.010936     -0.000277     -0.146370
      4.15187      3.59079      9.68067        -0.018456     -0.118306     -0.059815
      5.89544      1.73245      9.95639        -0.030526     -0.007587      0.006276
      4.60256      0.60295     10.40312        -0.020460     -0.038472     -0.040758
      4.97289      1.98280     11.45211        -0.028093     -0.042247     -0.175062
 
=========PATH==========
/home/srr516/alkanes-Pt111/Pt-111/ethane/ethane_0.015/fromComet/ethane_0.015/75
=========ENERGY========
   1 F= -.19328319E+03 E0= -.19328612E+03  d E =0.879325E-02
=========Coordinates/Forces=========
 POSITION                                       TOTAL-FORCE (eV/Angst)
      3.88592      2.52131      9.63916        -0.159627     -0.020515      0.007687
      4.88708      1.66004     10.40487         0.226365      0.173463     -0.258242
      2.86394      2.42000     10.04549         0.125310      0.005307     -0.073747
      3.83978      2.23289      8.56748        -0.002253      0.013113      0.107258
      4.14844      3.58896      9.67063         0.026730     -0.025626      0.008450
      5.89528      1.72863      9.96224        -0.087202      0.011806      0.028366
      4.60568      0.60424     10.39600        -0.090931     -0.188318      0.012639
      4.97359      1.97816     11.44762        -0.027711      0.035971      0.190569
 
=========PATH==========
/home/srr516/alkanes-Pt111/Pt-111/ethane/ethane_0.015/fromComet/ethane_0.015/76
=========ENERGY========
   1 F= -.19328214E+03 E0= -.19328507E+03  d E =0.879469E-02
=========Coordinates/Forces=========
 POSITION                                       TOTAL-FORCE (eV/Angst)
      3.88702      2.52621      9.63656        -0.148869     -0.177899      0.252188
      4.89211      1.66340     10.40110         0.032706      0.014658     -0.355389
      2.86515      2.41813     10.04702         0.188162      0.047080     -0.099573
      3.84189      2.24108      8.57235        -0.020592     -0.050023     -0.115893
      4.15614      3.58625      9.67123         0.019082      0.158058      0.017500
      5.90016      1.73102      9.95886        -0.093205     -0.009727      0.038100
      4.59748      0.60642     10.39757        -0.000236     -0.064806     -0.019051
      4.96827      1.97904     11.44117         0.026785      0.088280      0.310195
 
=========PATH==========
/home/srr516/alkanes-Pt111/Pt-111/ethane/ethane_0.015/fromComet/ethane_0.015/77
=========ENERGY========
   1 F= -.19328195E+03 E0= -.19328488E+03  d E =0.879216E-02
=========Coordinates/Forces=========
 POSITION                                       TOTAL-FORCE (eV/Angst)
      3.88893      2.51791      9.63615        -0.320959      0.141472      0.285225
      4.89192      1.66023     10.40288         0.120941      0.076276     -0.243055
      2.86181      2.41946     10.04847         0.310270      0.023735     -0.138049
      3.83635      2.23573      8.57141         0.003525     -0.075585     -0.104877
      4.15398      3.58732      9.66679        -0.003030     -0.081795      0.013602
      5.89839      1.72807      9.95596        -0.093739     -0.017953      0.055921
      4.60039      0.60411     10.40361        -0.020324     -0.113194     -0.013469
      4.97349      1.98089     11.44554         0.006445      0.052802      0.171657
 
=========PATH==========
/home/srr516/alkanes-Pt111/Pt-111/ethane/ethane_0.015/fromComet/ethane_0.015/78
=========ENERGY========
   1 F= -.19328251E+03 E0= -.19328544E+03  d E =0.879358E-02
=========Coordinates/Forces=========
 POSITION                                       TOTAL-FORCE (eV/Angst)
      3.88686      2.52207      9.63302        -0.167017      0.011100      0.279314
      4.88773      1.66251     10.40160         0.310494      0.042903     -0.294149
      2.86664      2.41639     10.04744         0.161774      0.049767     -0.127198
      3.84241      2.23627      8.56812        -0.023499     -0.055331     -0.080736
      4.15519      3.58792      9.66583        -0.010003     -0.005836      0.012360
      5.89709      1.72740      9.94923        -0.201832      0.000236      0.123606
      4.60183      0.60340     10.39281        -0.043308     -0.061531      0.021919
      4.97610      1.98020     11.44702        -0.020917      0.023196      0.094539
 
=========PATH==========
/home/srr516/alkanes-Pt111/Pt-111/ethane/ethane_0.015/fromComet/ethane_0.015/79
=========ENERGY========
   1 F= -.19328217E+03 E0= -.19328510E+03  d E =0.878535E-02
=========Coordinates/Forces=========
 POSITION                                       TOTAL-FORCE (eV/Angst)
      3.89287      2.52370      9.63830        -0.403318     -0.215668     -0.031408
      4.89334      1.66060     10.40182         0.078443      0.208955     -0.111460
      2.86518      2.41501     10.04453         0.290764      0.069823     -0.107211
      3.83615      2.23205      8.56543         0.042544      0.034703      0.157177
      4.15736      3.58636      9.66720         0.028029      0.104408      0.017155
      5.89657      1.73371      9.95621         0.004047     -0.019209      0.034437
      4.60352      0.60617     10.39479        -0.042862     -0.165271      0.003330
      4.97172      1.98193     11.44872         0.007922     -0.010774      0.059093
 
=========PATH==========
/home/srr516/alkanes-Pt111/Pt-111/ethane/ethane_0.015/fromComet/ethane_0.015/80
=========ENERGY========
   1 F= -.19328250E+03 E0= -.19328543E+03  d E =0.879203E-02
=========Coordinates/Forces=========
 POSITION                                       TOTAL-FORCE (eV/Angst)
      3.89090      2.52295      9.63546        -0.296826     -0.132316      0.166023
      4.89190      1.66749     10.39563         0.113953     -0.209491      0.159236
      2.87123      2.42267     10.04823         0.123715     -0.000073     -0.080612
      3.83957      2.23798      8.57156        -0.014430     -0.056051     -0.119996
      4.15207      3.58148      9.66853         0.088711      0.268314      0.005654
      5.89763      1.72763      9.95224        -0.022760      0.031389      0.030613
      4.60372      0.60235     10.39769         0.006068      0.115413     -0.023920
      4.97213      1.98168     11.45028         0.004111     -0.011533     -0.110884
 
=========PATH==========
/home/srr516/alkanes-Pt111/Pt-111/ethane/ethane_0.015/fromComet/ethane_0.015/81
=========ENERGY========
   1 F= -.19328475E+03 E0= -.19328768E+03  d E =0.879322E-02
=========Coordinates/Forces=========
 POSITION                                       TOTAL-FORCE (eV/Angst)
      3.88445      2.52767      9.63717        -0.020404     -0.106490      0.021275
      4.89074      1.66567     10.39540         0.028932     -0.086838      0.076880
      2.86848      2.41775     10.04706         0.036277      0.039365     -0.032731
      3.83416      2.24068      8.56678         0.005269      0.027663      0.060049
      4.15639      3.59051      9.67763        -0.020554      0.045844     -0.021111
      5.89678      1.72965      9.95188        -0.049458      0.018627      0.035787
      4.60037      0.60271     10.39848         0.005033      0.072554     -0.043369
      4.96816      1.97959     11.44902         0.018924     -0.000019     -0.071897
 
=========PATH==========
/home/srr516/alkanes-Pt111/Pt-111/ethane/ethane_0.015/fromComet/ethane_0.015/82
=========ENERGY========
   1 F= -.19328219E+03 E0= -.19328512E+03  d E =0.879718E-02
=========Coordinates/Forces=========
 POSITION                                       TOTAL-FORCE (eV/Angst)
      3.88240      2.51917      9.63757         0.293135      0.294653      0.070988
      4.89221      1.66016     10.40082        -0.108113      0.194353     -0.128749
      2.87052      2.41593     10.04112        -0.147387     -0.015663      0.060989
      3.83802      2.23345      8.57219        -0.007849     -0.021221     -0.087435
      4.15161      3.59452      9.67319        -0.072473     -0.281860     -0.018070
      5.89457      1.72571      9.95927         0.057564      0.023207     -0.025617
      4.59856      0.60738     10.39845        -0.040420     -0.198340      0.006995
      4.96574      1.98449     11.44416         0.033026      0.009453      0.146976
 
=========PATH==========
/home/srr516/alkanes-Pt111/Pt-111/ethane/ethane_0.015/fromComet/ethane_0.015/83
=========ENERGY========
   1 F= -.19328280E+03 E0= -.19328573E+03  d E =0.878533E-02
=========Coordinates/Forces=========
 POSITION                                       TOTAL-FORCE (eV/Angst)
      3.89101      2.52896      9.64019        -0.219515     -0.211360     -0.107546
      4.88501      1.65988     10.39945         0.324188      0.255744     -0.071167
      2.87160      2.41992     10.04141         0.022534      0.058864     -0.004545
      3.83568      2.24002      8.56953         0.033958      0.021497      0.067542
      4.15776      3.59071      9.67053         0.042407      0.105198      0.031591
      5.89356      1.73263      9.95644        -0.097420     -0.026052      0.060860
      4.60321      0.60443     10.39862        -0.100520     -0.183951     -0.030209
      4.96831      1.98214     11.44554        -0.000263     -0.010066      0.077936
 
=========PATH==========
/home/srr516/alkanes-Pt111/Pt-111/ethane/ethane_0.015/fromComet/ethane_0.015/84
=========ENERGY========
   1 F= -.19328071E+03 E0= -.19328365E+03  d E =0.879122E-02
=========Coordinates/Forces=========
 POSITION                                       TOTAL-FORCE (eV/Angst)
      3.88643      2.51662      9.63930         0.017770      0.416354      0.090574
      4.88843      1.65776     10.39549         0.248397      0.310897      0.328344
      2.86919      2.42054     10.04235        -0.034620     -0.033391      0.009962
      3.84143      2.24007      8.57376        -0.021278     -0.068440     -0.150089
      4.15181      3.59192      9.67390        -0.030383     -0.250499      0.006864
      5.89707      1.72993      9.95784        -0.074268     -0.031139     -0.001064
      4.59801      0.60686     10.40258        -0.055871     -0.279243     -0.044041
      4.97560      1.97805     11.45256        -0.043212     -0.058986     -0.217127
 
=========PATH==========
/home/srr516/alkanes-Pt111/Pt-111/ethane/ethane_0.015/fromComet/ethane_0.015/85
=========ENERGY========
   1 F= -.19328342E+03 E0= -.19328635E+03  d E =0.879263E-02
=========Coordinates/Forces=========
 POSITION                                       TOTAL-FORCE (eV/Angst)
      3.88826      2.51690      9.63594         0.031416      0.318474      0.188138
      4.89342      1.65851     10.39859         0.002850      0.058970     -0.134360
      2.87190      2.41506     10.04427         0.007531      0.007862     -0.021014
      3.84044      2.23872      8.57162        -0.010113     -0.078664     -0.159379
      4.15679      3.59102      9.67005        -0.055869     -0.237457      0.009804
      5.89610      1.72806      9.95371         0.023695      0.007919      0.017133
      4.60497      0.60027     10.39362        -0.023430     -0.072951      0.008746
      4.96854      1.98119     11.44329         0.026910     -0.001143      0.115233
 
=========PATH==========
/home/srr516/alkanes-Pt111/Pt-111/ethane/ethane_0.015/fromComet/ethane_0.015/86
=========ENERGY========
   1 F= -.19328002E+03 E0= -.19328295E+03  d E =0.879263E-02
=========Coordinates/Forces=========
 POSITION                                       TOTAL-FORCE (eV/Angst)
      3.88243      2.52702      9.64396         0.168389     -0.180148     -0.303862
      4.89605      1.66894     10.39940        -0.387987     -0.407254     -0.158074
      2.86781      2.41991     10.04359        -0.086009      0.002405      0.054401
      3.83997      2.23806      8.56747        -0.014654      0.045764      0.211262
      4.15393      3.58760      9.67025        -0.001093      0.139402      0.027355
      5.89140      1.72691      9.95355         0.201898      0.064718     -0.086583
      4.60038      0.59975     10.39615         0.069767      0.276905      0.002427
      4.97329      1.98164     11.44151         0.050694      0.070324      0.272457
 
=========PATH==========
/home/srr516/alkanes-Pt111/Pt-111/ethane/ethane_0.015/fromComet/ethane_0.015/87
=========ENERGY========
   1 F= -.19328330E+03 E0= -.19328623E+03  d E =0.880035E-02
=========Coordinates/Forces=========
 POSITION                                       TOTAL-FORCE (eV/Angst)
      3.88216      2.52943      9.63294         0.111964     -0.302823      0.224620
      4.89011      1.66415     10.40142        -0.061826     -0.035635     -0.187652
      2.86628      2.42620     10.04084        -0.001635      0.001849     -0.020489
      3.84000      2.23444      8.56874        -0.015592      0.012762     -0.045275
      4.15346      3.58781      9.67243         0.038865      0.177315     -0.027940
      5.89610      1.72520      9.95968        -0.023813      0.047372     -0.000175
      4.60444      0.60094     10.39756        -0.036766      0.054342     -0.017769
      4.97204      1.97609     11.44892        -0.011854      0.052711      0.102386
 
=========PATH==========
/home/srr516/alkanes-Pt111/Pt-111/ethane/ethane_0.015/fromComet/ethane_0.015/88
=========ENERGY========
   1 F= -.19328244E+03 E0= -.19328538E+03  d E =0.879811E-02
=========Coordinates/Forces=========
 POSITION                                       TOTAL-FORCE (eV/Angst)
      3.88395      2.52751      9.64008         0.106090     -0.376387      0.064405
      4.89518      1.65861     10.39880        -0.234203      0.237051      0.024798
      2.86809      2.41990     10.04517        -0.009695     -0.000768     -0.007701
      3.84532      2.23818      8.57315        -0.046452      0.001818     -0.033900
      4.15119      3.58384      9.67448         0.071673      0.275267      0.020734
      5.89555      1.72917      9.95925         0.111266     -0.015777     -0.088165
      4.59464      0.60380     10.39890         0.014971     -0.066226     -0.002143
      4.97785      1.98685     11.44447        -0.006941     -0.047381      0.046449
 
=========PATH==========
/home/srr516/alkanes-Pt111/Pt-111/ethane/ethane_0.015/fromComet/ethane_0.015/89
=========ENERGY========
   1 F= -.19328529E+03 E0= -.19328822E+03  d E =0.879681E-02
=========Coordinates/Forces=========
 POSITION                                       TOTAL-FORCE (eV/Angst)
      3.88449      2.52483      9.63765         0.039128     -0.062363      0.072352
      4.89306      1.66516     10.39714         0.018826     -0.017999     -0.038030
      2.87005      2.42110     10.05072         0.014215      0.018857     -0.036396
      3.83731      2.23305      8.57048        -0.024443      0.012307      0.011556
      4.15755      3.58813      9.67117        -0.015983      0.034168     -0.014620
      5.89727      1.73330      9.95245        -0.024388      0.000754      0.004817
      4.60327      0.60488     10.39901        -0.002495     -0.007786     -0.029684
      4.97699      1.98054     11.44547        -0.002722      0.029057      0.056108
 
=========PATH==========
/home/srr516/alkanes-Pt111/Pt-111/ethane/ethane_0.015/fromComet/ethane_0.015/90
=========ENERGY========
   1 F= -.19328298E+03 E0= -.19328591E+03  d E =0.879348E-02
=========Coordinates/Forces=========
 POSITION                                       TOTAL-FORCE (eV/Angst)
      3.88647      2.52813      9.63680         0.103162     -0.127683      0.104977
      4.89504      1.65741     10.39542        -0.268906      0.219957      0.297516
      2.86950      2.41818     10.04311         0.035359      0.025936     -0.028822
      3.84465      2.24039      8.56905        -0.028138      0.010437     -0.020684
      4.15575      3.59374      9.67375        -0.005494     -0.024158      0.008742
      5.89500      1.72650      9.96077         0.182988     -0.001827     -0.110278
      4.59610      0.60044     10.39786         0.008074     -0.017580     -0.033260
      4.97475      1.97987     11.45153        -0.019202     -0.082157     -0.193147
 
=========PATH==========
/home/srr516/alkanes-Pt111/Pt-111/ethane/ethane_0.015/fromComet/ethane_0.015/91
=========ENERGY========
   1 F= -.19328182E+03 E0= -.19328475E+03  d E =0.878811E-02
=========Coordinates/Forces=========
 POSITION                                       TOTAL-FORCE (eV/Angst)
      3.89407      2.52549      9.64003        -0.410642     -0.164485      0.049862
      4.89199      1.65809     10.39698         0.208738      0.351336      0.133884
      2.86784      2.42079     10.04872         0.262535      0.032503     -0.115588
      3.84165      2.23682      8.57192        -0.005787      0.009597      0.002397
      4.15386      3.58885      9.67216         0.073251      0.109080      0.019601
      5.89959      1.73031      9.95539        -0.073168     -0.032826      0.044415
      4.59947      0.60681     10.39741        -0.060687     -0.232636     -0.025186
      4.97034      1.98355     11.44839         0.013846     -0.069602     -0.085117
 
=========PATH==========
/home/srr516/alkanes-Pt111/Pt-111/ethane/ethane_0.015/fromComet/ethane_0.015/92
=========ENERGY========
   1 F= -.19328375E+03 E0= -.19328668E+03  d E =0.879389E-02
=========Coordinates/Forces=========
 POSITION                                       TOTAL-FORCE (eV/Angst)
      3.88297      2.52390      9.64269         0.171739      0.069137     -0.183052
      4.89130      1.66631     10.39496         0.136385      0.046645      0.213398
      2.87113      2.41868     10.04560        -0.148897     -0.024258      0.047632
      3.84438      2.23481      8.57257        -0.049770      0.028863      0.041562
      4.14847      3.59154      9.67356        -0.004632     -0.036701      0.006444
      5.90010      1.73109      9.95549        -0.093616      0.020896      0.017561
      4.60235      0.60873     10.40287        -0.031867     -0.098446     -0.060672
      4.96997      1.97998     11.44867         0.022620      0.003230     -0.058549
 
=========PATH==========
/home/srr516/alkanes-Pt111/Pt-111/ethane/ethane_0.015/fromComet/ethane_0.015/93
=========ENERGY========
   1 F= -.19328287E+03 E0= -.19328580E+03  d E =0.879055E-02
=========Coordinates/Forces=========
 POSITION                                       TOTAL-FORCE (eV/Angst)
      3.88960      2.52102      9.63297        -0.290057      0.088098      0.267319
      4.88820      1.66889     10.39869         0.116660     -0.223836      0.105276
      2.86673      2.41859     10.04093         0.163598      0.016805     -0.088508
      3.84172      2.24021      8.56957         0.004405     -0.079107     -0.161546
      4.15316      3.58412      9.67106         0.021882      0.118427     -0.011178
      5.89425      1.72913      9.95839         0.002747      0.019917      0.004580
      4.59575      0.60664     10.39527         0.024037      0.053502     -0.002778
      4.97205      1.97885     11.45315        -0.036686      0.014145     -0.085030
 
=========PATH==========
/home/srr516/alkanes-Pt111/Pt-111/ethane/ethane_0.015/fromComet/ethane_0.015/94
=========ENERGY========
   1 F= -.19328092E+03 E0= -.19328385E+03  d E =0.879727E-02
=========Coordinates/Forces=========
 POSITION                                       TOTAL-FORCE (eV/Angst)
      3.88235      2.52616      9.63498         0.415036      0.039249      0.133433
      4.89364      1.65747     10.40209        -0.199950      0.404272     -0.171151
      2.87342      2.41649     10.04113        -0.186824      0.028594      0.047058
      3.84167      2.23838      8.56811        -0.016332     -0.016044     -0.030473
      4.15856      3.59644      9.66902        -0.076973     -0.198367      0.009283
      5.89088      1.72965      9.95447         0.121598     -0.012933     -0.031353
      4.59892      0.60686     10.39894        -0.056633     -0.239998     -0.006686
      4.97442      1.98133     11.44733         0.003268      0.001711      0.074524
 
=========PATH==========
/home/srr516/alkanes-Pt111/Pt-111/ethane/ethane_0.015/fromComet/ethane_0.015/95
=========ENERGY========
   1 F= -.19328251E+03 E0= -.19328545E+03  d E =0.880160E-02
=========Coordinates/Forces=========
 POSITION                                       TOTAL-FORCE (eV/Angst)
      3.87995      2.52254      9.63836         0.369030      0.114613      0.164106
      4.88909      1.66028     10.40250         0.196669      0.177976     -0.159624
      2.87046      2.42029     10.04485        -0.189927     -0.016579      0.037828
      3.84444      2.23796      8.57370        -0.047184     -0.033371     -0.112964
      4.15532      3.59036      9.67748        -0.051510     -0.114002     -0.013767
      5.90152      1.73345      9.95760        -0.243740     -0.019755      0.100866
      4.60144      0.60306     10.39867        -0.023992     -0.108855     -0.017964
      4.96952      1.97764     11.45119        -0.005603      0.006218      0.034457
 
=========PATH==========
/home/srr516/alkanes-Pt111/Pt-111/ethane/ethane_0.015/fromComet/ethane_0.015/96
=========ENERGY========
   1 F= -.19328250E+03 E0= -.19328543E+03  d E =0.879003E-02
=========Coordinates/Forces=========
 POSITION                                       TOTAL-FORCE (eV/Angst)
      3.88786      2.52933      9.64101        -0.088712     -0.319405     -0.142858
      4.89008      1.66141     10.39364         0.188649      0.116787      0.290756
      2.86871      2.42037     10.04290         0.039722      0.014522     -0.029680
      3.85031      2.23354      8.57097        -0.054372      0.069900      0.072939
      4.15182      3.58890      9.67272         0.069467      0.192491      0.018412
      5.90042      1.72796      9.95411        -0.128759     -0.003202      0.034196
      4.59969      0.60143     10.39995        -0.023622      0.006360     -0.054088
      4.97275      1.98131     11.44958         0.002011     -0.068966     -0.167047
 
=========PATH==========
/home/srr516/alkanes-Pt111/Pt-111/ethane/ethane_0.015/fromComet/ethane_0.015/97
=========ENERGY========
   1 F= -.19328128E+03 E0= -.19328421E+03  d E =0.879538E-02
=========Coordinates/Forces=========
 POSITION                                       TOTAL-FORCE (eV/Angst)
      3.88526      2.51945      9.63711         0.057438      0.280293      0.177247
      4.89975      1.66286     10.39927        -0.417757      0.109679      0.036449
      2.86483      2.41737     10.04479         0.126789     -0.004586     -0.045733
      3.83985      2.23702      8.57035        -0.011653     -0.037555     -0.065501
      4.15260      3.59520      9.67166        -0.070037     -0.274351     -0.008318
      5.89287      1.73051      9.95720         0.293822      0.037185     -0.113524
      4.60563      0.60750     10.39985        -0.013214     -0.125998     -0.014854
      4.97103      1.98231     11.44700         0.039112      0.016456      0.058429
 
=========PATH==========
/home/srr516/alkanes-Pt111/Pt-111/ethane/ethane_0.015/fromComet/ethane_0.015/98
=========ENERGY========
   1 F= -.19328361E+03 E0= -.19328654E+03  d E =0.879423E-02
=========Coordinates/Forces=========
 POSITION                                       TOTAL-FORCE (eV/Angst)
      3.88357      2.52961      9.63863         0.011221     -0.261049      0.067790
      4.89450      1.65905     10.39717        -0.181225      0.225867     -0.050934
      2.86257      2.42096     10.04434         0.138566      0.029214     -0.049395
      3.84030      2.23817      8.57055        -0.027184      0.021531      0.012752
      4.15277      3.59191      9.67043         0.017944      0.077368      0.022317
      5.89911      1.73254      9.96005         0.022092     -0.011392     -0.034369
      4.59768      0.60324     10.39443         0.001839     -0.069683     -0.032441
      4.96755      1.97822     11.44458         0.024581     -0.005340      0.087192
 
=========PATH==========
/home/srr516/alkanes-Pt111/Pt-111/ethane/ethane_0.015/fromComet/ethane_0.015/99
=========ENERGY========
   1 F= -.19328472E+03 E0= -.19328765E+03  d E =0.879523E-02
=========Coordinates/Forces=========
 POSITION                                       TOTAL-FORCE (eV/Angst)
      3.88602      2.52382      9.63896         0.135116      0.137097     -0.013427
      4.89404      1.66853     10.40007        -0.184307     -0.130626      0.097147
      2.87199      2.42271     10.04388        -0.079887     -0.009705      0.034510
      3.83918      2.23416      8.57147        -0.003198      0.008004     -0.002185
      4.15714      3.59213      9.67322        -0.041131     -0.090861     -0.026187
      5.89465      1.73282      9.96200         0.145324      0.033422     -0.074160
      4.60223      0.60599     10.40000         0.023180      0.065588     -0.005207
      4.97061      1.98708     11.44959         0.006605     -0.004591      0.014294
 
