=========PATH==========
/home/srr516/alkanes-Pt111/Pt-111/ethane
=========ENERGY========
   1 F= -.19328560E+03 E0= -.19328853E+03  d E =-.193286E+03
=========Coordinates/Forces=========
 POSITION                                       TOTAL-FORCE (eV/Angst)
      3.88541        2.52361        9.63834         0.032736     -0.015916      0.015159
      4.89192        1.66282       10.39906        -0.020357      0.015333     -0.009628
      2.86878        2.41945       10.04355        -0.005046      0.005386     -0.004533
      3.83980        2.23596        8.56989        -0.009654     -0.000703      0.008030
      4.15328        3.58939        9.67158        -0.001984     -0.002483      0.001545
      5.89575        1.72972        9.95619         0.007916      0.007200     -0.005373
      4.59947        0.60327       10.39705         0.002411     -0.004992     -0.006918
      4.97289        1.98173       11.44796        -0.000409     -0.008051      0.019529