  52.68637    16.21097   -27.69447   -33.08390    -6.68388    21.55134    0.44448     -0.51745    1.08323     -0.98989    -0.03238    1.21286     -0.31967    -0.19593    0.46473    -12.27247   -12.47704    -0.89804    -5.64637    3.42656     4.83879   
  16.21097    47.73911    13.01454    -6.91176    -9.68918    1.92971     0.03901     0.04776     -0.31611    -2.07187    -0.13245    1.38878     1.62084     0.69052     -1.31124   -12.06743   -22.43990    -2.75161    3.01201    -15.89992   -12.78724  
 -27.69447    13.01454    45.64491    21.53057    1.64691    -22.40170    -0.10414    -0.00748    -0.15215    -0.17218    -0.28730    0.51793     1.99965     0.41955     -0.88217    -0.63290    -2.40201    -4.88591    4.51980    -12.87555   -18.22710  
 -33.08390    -6.91176    21.53057    53.84432    15.67337   -27.39506    -0.31590    0.13514     -0.42196   -13.22643   -12.77119    -1.11404    -6.05408    3.74872     4.90826     -1.02283    -0.14856    1.19490     -0.21819    -0.43806    0.52474   
  -6.68388    -9.68918    1.64691     15.67337    48.30869    13.39835    -0.41659    -0.00220    -0.32049   -12.44656   -21.90865    -2.95982    3.58902    -16.39506   -12.66139    -2.03500    0.03880     1.50924     1.57791     0.70723     -1.22395  
  21.55134    1.92971    -22.40170   -27.39506    13.39835    45.49544    0.80302     -0.44374    0.52069     -0.94671    -2.64366    -4.72176    4.60773    -12.79272   -17.15964    -0.24490    -0.21218    0.51457     1.90657     0.59424     -1.00336  
  0.44448     0.03901     -0.10414    -0.31590    -0.41659    0.80302     11.48273    -6.98972    11.44365    -0.05185    0.03126     -0.06562    -0.07232    0.07523     -0.02538    0.05262     -0.07660    0.05731     0.07280     -0.04244    -0.03144  
  -0.51745    0.04776     -0.00748    0.13514     -0.00220    -0.44374    -6.98972    6.47866     -9.01946    -0.10071    -0.03982    -0.06084    0.07778     -0.05186    0.02536     0.01912     -0.11727    0.07356     -0.05646    -0.02738    -0.11090  
  1.08323     -0.31611    -0.15215    -0.42196    -0.32049    0.52069     11.44365    -9.01946    22.51825    0.03239     0.01696     0.03605     0.06405     -0.10124    0.04692     -0.00390    0.06227     -0.00324    -0.04191    0.04785     -0.14497  
  -0.98989    -2.07187    -0.17218   -13.22643   -12.44656    -0.94671    -0.05185    -0.10071    0.03239     13.69328    13.96770    0.61608     0.62764     0.59986     0.20896     0.13386     -0.32142    0.68207     -0.17777    0.27260     -0.34678  
  -0.03238    -0.13245    -0.28730   -12.77119   -21.90865    -2.64366    0.03126     -0.03982    0.01696     13.96770    22.61586    2.98895     -1.06732    -0.94625    0.00588     -0.32171    0.39805     -0.24522    0.24775     -0.05348    0.31324   
  1.21286     1.38878     0.51793     -1.11404    -2.95982    -4.72176    -0.06562    -0.06084    0.03605     0.61608     2.98895     4.00256     -1.04133    -1.42638    0.07303     0.76254     -0.22603    0.35508     -0.37939    0.33159     -0.22946  
  -0.31967    1.62084     1.99965     -6.05408    3.58902     4.60773     -0.07232    0.07778     0.06405     0.62764     -1.06732    -1.04133    5.81895     -3.90940    -5.83128    -0.21141    0.20835     -0.35454    0.12824     -0.43158    0.57692   
  -0.19593    0.69052     0.41955     3.74872    -16.39506   -12.79272    0.07523     -0.05186    -0.10124    0.59986     -0.94625    -1.42638    -3.90940    16.39556    13.90556    0.21933     -0.11385    0.29318     -0.38177    0.24702     -0.23923  
  0.46473     -1.31124    -0.88217    4.90826    -12.66139   -17.15964    -0.02538    0.02536     0.04692     0.20896     0.00588     0.07303     -5.83128    13.90556    17.90599    -0.35997    0.28440     -0.23062    0.65478     -0.33876    0.37984   
 -12.27247   -12.06743    -0.63290    -1.02283    -2.03500    -0.24490    0.05262     0.01912     -0.00390    0.13386     -0.32171    0.76254     -0.21141    0.21933     -0.35997    12.82529    13.58036    0.33675     0.52712     0.61920     0.19086   
 -12.47704   -22.43990    -2.40201    -0.14856    0.03880     -0.21218    -0.07660    -0.11727    0.06227     -0.32142    0.39805     -0.22603    0.20835     -0.11385    0.28440     13.58036    23.11534    2.62790     -0.92534    -0.88464    0.05216   
  -0.89804    -2.75161    -4.88591    1.19490     1.50924     0.51457     0.05731     0.07356     -0.00324    0.68207     -0.24522    0.35508     -0.35454    0.29318     -0.23062    0.33675     2.62790     4.11295     -1.04554    -1.46216    0.20022   
  -5.64637    3.01201     4.51980     -0.21819    1.57791     1.90657     0.07280     -0.05646    -0.04191    -0.17777    0.24775     -0.37939    0.12824     -0.38177    0.65478     0.52712     -0.92534    -1.04554    5.44484     -3.43807    -5.71786  
  3.42656    -15.89992   -12.87555    -0.43806    0.70723     0.59424     -0.04244    -0.02738    0.04785     0.27260     -0.05348    0.33159     -0.43158    0.24702     -0.33876    0.61920     -0.88464    -1.46216    -3.43807    15.79397    13.94634  
  4.83879    -12.78724   -18.22710    0.52474     -1.22395    -1.00336    -0.03144    -0.11090    -0.14497    -0.34678    0.31324     -0.22946    0.57692     -0.23923    0.37984     0.19086     0.05216     0.20022     -5.71786    13.94634    19.04964  
