=========PATH==========
/home/srr516/alkanes-Pt111/Pt-111/methane/PES-exploration/highEDIFF/correct/rotation/fromComet/rotation/57
=========ENERGY========
   1 F= -.17680519E+03 E0= -.17680816E+03  d E =-.176805E+03
=========Coordinates/Forces=========
 POSITION                                       TOTAL-FORCE (eV/Angst)
      3.86116      2.52595      8.51459        -0.010965      0.003822      0.032684
      4.78271      2.76859      9.05371         0.027458      0.021661      0.027535
      3.40839      1.62324      8.93960        -0.005988     -0.015167     -0.010104
      4.10357      2.34781      7.45508         0.000313     -0.025392     -0.014167
      3.15631      3.36166      8.58179        -0.006501      0.019474      0.019508