=========PATH==========
/home/srr516/alkanes-Pt111/Pt-111/methane/PES-exploration/highEDIFF/correct/rotation/fromComet/rotation/1
=========ENERGY========
   1 F= -.17680421E+03 E0= -.17680717E+03  d E =-.176804E+03
=========Coordinates/Forces=========
 POSITION                                       TOTAL-FORCE (eV/Angst)
      3.86116      2.52595      8.51459         0.001343      0.015587      0.022603
      4.57764      1.89763      9.05371         0.033333     -0.009474      0.028943
      2.85959      2.39652      8.93960        -0.017243     -0.003624     -0.011022
      3.84902      2.22536      7.45508        -0.021293     -0.012887     -0.005290
      4.15984      3.57762      8.58179         0.012310      0.015048      0.024081
 
=========PATH==========
/home/srr516/alkanes-Pt111/Pt-111/methane/PES-exploration/highEDIFF/correct/rotation/fromComet/rotation/2
=========ENERGY========
   1 F= -.17680422E+03 E0= -.17680719E+03  d E =-.176804E+03
=========Coordinates/Forces=========
 POSITION                                       TOTAL-FORCE (eV/Angst)
      3.86116      2.52595      8.51459         0.000936      0.015550      0.022849
      4.58849      1.91023      9.05371         0.033594     -0.008796      0.028765
      2.86200      2.37906      8.93960        -0.017285     -0.003941     -0.011176
      3.85427      2.22520      7.45508        -0.021042     -0.013345     -0.005510
      4.14144      3.58267      8.58179         0.012085      0.015349      0.023962
 
=========PATH==========
/home/srr516/alkanes-Pt111/Pt-111/methane/PES-exploration/highEDIFF/correct/rotation/fromComet/rotation/3
=========ENERGY========
   1 F= -.17680424E+03 E0= -.17680721E+03  d E =-.176804E+03
=========Coordinates/Forces=========
 POSITION                                       TOTAL-FORCE (eV/Angst)
      3.86116      2.52595      8.51459         0.000527      0.015510      0.023076
      4.59913      1.92302      9.05371         0.033841     -0.008230      0.028797
      2.86472      2.36165      8.93960        -0.017223     -0.004313     -0.011099
      3.85952      2.22512      7.45508        -0.020816     -0.013753     -0.005703
      4.12296      3.58741      8.58179         0.011996      0.015729      0.023900
 
=========PATH==========
/home/srr516/alkanes-Pt111/Pt-111/methane/PES-exploration/highEDIFF/correct/rotation/fromComet/rotation/4
=========ENERGY========
   1 F= -.17680426E+03 E0= -.17680722E+03  d E =-.176804E+03
=========Coordinates/Forces=========
 POSITION                                       TOTAL-FORCE (eV/Angst)
      3.86116      2.52595      8.51459         0.000131      0.015472      0.023303
      4.60954      1.93599      9.05371         0.033842     -0.007626      0.028815
      2.86774      2.34428      8.93960        -0.016991     -0.004707     -0.011205
      3.86477      2.22514      7.45508        -0.020473     -0.014193     -0.005876
      4.10439      3.59181      8.58179         0.011662      0.016022      0.023788
 
=========PATH==========
/home/srr516/alkanes-Pt111/Pt-111/methane/PES-exploration/highEDIFF/correct/rotation/fromComet/rotation/5
=========ENERGY========
   1 F= -.17680428E+03 E0= -.17680724E+03  d E =-.176804E+03
=========Coordinates/Forces=========
 POSITION                                       TOTAL-FORCE (eV/Angst)
      3.86116      2.52595      8.51459        -0.000264      0.015422      0.023520
      4.61972      1.94914      9.05371         0.034052     -0.006923      0.028833
      2.87106      2.32697      8.93960        -0.016836     -0.004973     -0.011156
      3.87002      2.22525      7.45508        -0.020283     -0.014527     -0.006011
      4.08576      3.59590      8.58179         0.011366      0.016089      0.023701
 
=========PATH==========
/home/srr516/alkanes-Pt111/Pt-111/methane/PES-exploration/highEDIFF/correct/rotation/fromComet/rotation/6
=========ENERGY========
   1 F= -.17680430E+03 E0= -.17680726E+03  d E =-.176804E+03
=========Coordinates/Forces=========
 POSITION                                       TOTAL-FORCE (eV/Angst)
      3.86116      2.52595      8.51459        -0.000654      0.015369      0.023739
      4.62967      1.96247      9.05371         0.034106     -0.006476      0.028932
      2.87468      2.30972      8.93960        -0.016798     -0.005194     -0.011155
      3.87527      2.22545      7.45508        -0.019975     -0.014833     -0.006237
      4.06705      3.59965      8.58179         0.011127      0.016176      0.023665
 
=========PATH==========
/home/srr516/alkanes-Pt111/Pt-111/methane/PES-exploration/highEDIFF/correct/rotation/fromComet/rotation/7
=========ENERGY========
   1 F= -.17680431E+03 E0= -.17680728E+03  d E =-.176804E+03
=========Coordinates/Forces=========
 POSITION                                       TOTAL-FORCE (eV/Angst)
      3.86116      2.52595      8.51459        -0.001045      0.015312      0.023971
      4.63939      1.97597      9.05371         0.034065     -0.005929      0.028830
      2.87861      2.29254      8.93960        -0.016499     -0.005525     -0.011163
      3.88051      2.22574      7.45508        -0.019684     -0.015163     -0.006493
      4.04828      3.60308      8.58179         0.010728      0.016299      0.023408
 
=========PATH==========
/home/srr516/alkanes-Pt111/Pt-111/methane/PES-exploration/highEDIFF/correct/rotation/fromComet/rotation/8
=========ENERGY========
   1 F= -.17680433E+03 E0= -.17680730E+03  d E =-.176804E+03
=========Coordinates/Forces=========
 POSITION                                       TOTAL-FORCE (eV/Angst)
      3.86116      2.52595      8.51459        -0.001444      0.015243      0.024190
      4.64887      1.98963      9.05371         0.034220     -0.005315      0.028893
      2.88283      2.27543      8.93960        -0.016342     -0.005769     -0.011161
      3.88575      2.22613      7.45508        -0.019356     -0.015544     -0.006723
      4.02945      3.60618      8.58179         0.010474      0.016465      0.023294
 
=========PATH==========
/home/srr516/alkanes-Pt111/Pt-111/methane/PES-exploration/highEDIFF/correct/rotation/fromComet/rotation/9
=========ENERGY========
   1 F= -.17680435E+03 E0= -.17680732E+03  d E =-.176804E+03
=========Coordinates/Forces=========
 POSITION                                       TOTAL-FORCE (eV/Angst)
      3.86116      2.52595      8.51459        -0.001835      0.015173      0.024406
      4.65811      2.00346      9.05371         0.034275     -0.004750      0.028818
      2.88735      2.25839      8.93960        -0.016231     -0.006136     -0.011114
      3.89097      2.22660      7.45508        -0.019097     -0.015951     -0.006941
      4.01057      3.60896      8.58179         0.010272      0.016657      0.023252
 
=========PATH==========
/home/srr516/alkanes-Pt111/Pt-111/methane/PES-exploration/highEDIFF/correct/rotation/fromComet/rotation/10
=========ENERGY========
   1 F= -.17680437E+03 E0= -.17680734E+03  d E =-.176804E+03
=========Coordinates/Forces=========
 POSITION                                       TOTAL-FORCE (eV/Angst)
      3.86116      2.52595      8.51459        -0.002223      0.015096      0.024621
      4.66710      2.01745      9.05371         0.034478     -0.004043      0.028699
      2.89217      2.24143      8.93960        -0.016050     -0.006534     -0.011161
      3.89619      2.22717      7.45508        -0.018806     -0.016316     -0.007079
      3.99165      3.61140      8.58179         0.010013      0.016745      0.023213
 
=========PATH==========
/home/srr516/alkanes-Pt111/Pt-111/methane/PES-exploration/highEDIFF/correct/rotation/fromComet/rotation/11
=========ENERGY========
   1 F= -.17680439E+03 E0= -.17680735E+03  d E =-.176804E+03
=========Coordinates/Forces=========
 POSITION                                       TOTAL-FORCE (eV/Angst)
      3.86116      2.52595      8.51459        -0.002588      0.015020      0.024842
      4.67586      2.03159      9.05371         0.034453     -0.003488      0.028624
      2.89728      2.22457      8.93960        -0.016010     -0.006834     -0.011265
      3.90140      2.22782      7.45508        -0.018584     -0.016671     -0.007274
      3.97269      3.61351      8.58179         0.009704      0.016821      0.023010
 
=========PATH==========
/home/srr516/alkanes-Pt111/Pt-111/methane/PES-exploration/highEDIFF/correct/rotation/fromComet/rotation/12
=========ENERGY========
   1 F= -.17680440E+03 E0= -.17680737E+03  d E =-.176804E+03
=========Coordinates/Forces=========
 POSITION                                       TOTAL-FORCE (eV/Angst)
      3.86116      2.52595      8.51459        -0.002962      0.014926      0.025049
      4.68436      2.04589      9.05371         0.034571     -0.002859      0.028657
      2.90269      2.20779      8.93960        -0.015866     -0.007080     -0.011200
      3.90660      2.22857      7.45508        -0.018251     -0.017031     -0.007529
      3.95369      3.61529      8.58179         0.009297      0.017123      0.022926
 
=========PATH==========
/home/srr516/alkanes-Pt111/Pt-111/methane/PES-exploration/highEDIFF/correct/rotation/fromComet/rotation/13
=========ENERGY========
   1 F= -.17680442E+03 E0= -.17680739E+03  d E =-.176804E+03
=========Coordinates/Forces=========
 POSITION                                       TOTAL-FORCE (eV/Angst)
      3.86116      2.52595      8.51459        -0.003334      0.014830      0.025253
      4.69261      2.06033      9.05371         0.034653     -0.002235      0.028771
      2.90839      2.19111      8.93960        -0.015701     -0.007330     -0.011212
      3.91178      2.22941      7.45508        -0.017934     -0.017388     -0.007743
      3.93466      3.61674      8.58179         0.008997      0.017265      0.022898
 
=========PATH==========
/home/srr516/alkanes-Pt111/Pt-111/methane/PES-exploration/highEDIFF/correct/rotation/fromComet/rotation/14
=========ENERGY========
   1 F= -.17680444E+03 E0= -.17680741E+03  d E =-.176804E+03
=========Coordinates/Forces=========
 POSITION                                       TOTAL-FORCE (eV/Angst)
      3.86116      2.52595      8.51459        -0.003697      0.014725      0.025463
      4.70061      2.07491      9.05371         0.034613     -0.001722      0.028737
      2.91438      2.17453      8.93960        -0.015621     -0.007500     -0.011139
      3.91695      2.23034      7.45508        -0.017616     -0.017768     -0.007984
      3.91561      3.61786      8.58179         0.008834      0.017473      0.022743
 
=========PATH==========
/home/srr516/alkanes-Pt111/Pt-111/methane/PES-exploration/highEDIFF/correct/rotation/fromComet/rotation/15
=========ENERGY========
   1 F= -.17680446E+03 E0= -.17680743E+03  d E =-.176804E+03
=========Coordinates/Forces=========
 POSITION                                       TOTAL-FORCE (eV/Angst)
      3.86116      2.52595      8.51459        -0.004055      0.014620      0.025665
      4.70836      2.08963      9.05371         0.034602     -0.001137      0.028705
      2.92065      2.15806      8.93960        -0.015465     -0.007913     -0.011021
      3.92210      2.23136      7.45508        -0.017362     -0.018101     -0.008195
      3.89655      3.61864      8.58179         0.008488      0.017691      0.022672
 
=========PATH==========
/home/srr516/alkanes-Pt111/Pt-111/methane/PES-exploration/highEDIFF/correct/rotation/fromComet/rotation/16
=========ENERGY========
   1 F= -.17680448E+03 E0= -.17680745E+03  d E =-.176804E+03
=========Coordinates/Forces=========
 POSITION                                       TOTAL-FORCE (eV/Angst)
      3.86116      2.52595      8.51459        -0.004417      0.014508      0.025870
      4.71584      2.10448      9.05371         0.034655     -0.000535      0.028754
      2.92722      2.14171      8.93960        -0.015253     -0.008200     -0.011049
      3.92723      2.23247      7.45508        -0.016920     -0.018487     -0.008446
      3.87747      3.61909      8.58179         0.008061      0.017807      0.022582
 
=========PATH==========
/home/srr516/alkanes-Pt111/Pt-111/methane/PES-exploration/highEDIFF/correct/rotation/fromComet/rotation/17
=========ENERGY========
   1 F= -.17680450E+03 E0= -.17680747E+03  d E =-.176804E+03
=========Coordinates/Forces=========
 POSITION                                       TOTAL-FORCE (eV/Angst)
      3.86116      2.52595      8.51459        -0.004771      0.014386      0.026070
      4.72307      2.11946      9.05371         0.034618     -0.000008      0.028629
      2.93407      2.12547      8.93960        -0.015060     -0.008369     -0.010954
      3.93235      2.23366      7.45508        -0.016493     -0.018708     -0.008648
      3.85839      3.61921      8.58179         0.007884      0.017924      0.022550
 
=========PATH==========
/home/srr516/alkanes-Pt111/Pt-111/methane/PES-exploration/highEDIFF/correct/rotation/fromComet/rotation/18
=========ENERGY========
   1 F= -.17680452E+03 E0= -.17680749E+03  d E =-.176805E+03
=========Coordinates/Forces=========
 POSITION                                       TOTAL-FORCE (eV/Angst)
      3.86116      2.52595      8.51459        -0.005113      0.014266      0.026280
      4.73003      2.13456      9.05371         0.034769      0.000680      0.028575
      2.94120      2.10935      8.93960        -0.014797     -0.008790     -0.011150
      3.93744      2.23495      7.45508        -0.016175     -0.019046     -0.008735
      3.83931      3.61900      8.58179         0.007500      0.018090      0.022365
 
=========PATH==========
/home/srr516/alkanes-Pt111/Pt-111/methane/PES-exploration/highEDIFF/correct/rotation/fromComet/rotation/19
=========ENERGY========
   1 F= -.17680454E+03 E0= -.17680751E+03  d E =-.176805E+03
=========Coordinates/Forces=========
 POSITION                                       TOTAL-FORCE (eV/Angst)
      3.86116      2.52595      8.51459        -0.005443      0.014139      0.026476
      4.73673      2.14979      9.05371         0.034676      0.001165      0.028565
      2.94861      2.09336      8.93960        -0.014718     -0.008970     -0.011059
      3.94250      2.23633      7.45508        -0.015714     -0.019335     -0.008971
      3.82024      3.61845      8.58179         0.007137      0.018176      0.022324
 
=========PATH==========
/home/srr516/alkanes-Pt111/Pt-111/methane/PES-exploration/highEDIFF/correct/rotation/fromComet/rotation/20
=========ENERGY========
   1 F= -.17680456E+03 E0= -.17680753E+03  d E =-.176805E+03
=========Coordinates/Forces=========
 POSITION                                       TOTAL-FORCE (eV/Angst)
      3.86116      2.52595      8.51459        -0.005770      0.014002      0.026670
      4.74316      2.16513      9.05371         0.034724      0.001953      0.028567
      2.95630      2.07749      8.93960        -0.014565     -0.009186     -0.011055
      3.94755      2.23779      7.45508        -0.015436     -0.019665     -0.009159
      3.80118      3.61757      8.58179         0.006772      0.018274      0.022279
 
=========PATH==========
/home/srr516/alkanes-Pt111/Pt-111/methane/PES-exploration/highEDIFF/correct/rotation/fromComet/rotation/21
=========ENERGY========
   1 F= -.17680459E+03 E0= -.17680756E+03  d E =-.176805E+03
=========Coordinates/Forces=========
 POSITION                                       TOTAL-FORCE (eV/Angst)
      3.86116      2.52595      8.51459        -0.006091      0.013858      0.026869
      4.74932      2.18057      9.05371         0.034617      0.002585      0.028699
      2.96426      2.06177      8.93960        -0.014357     -0.009381     -0.011115
      3.95256      2.23934      7.45508        -0.015073     -0.019965     -0.009445
      3.78214      3.61636      8.58179         0.006492      0.018465      0.022070
 
=========PATH==========
/home/srr516/alkanes-Pt111/Pt-111/methane/PES-exploration/highEDIFF/correct/rotation/fromComet/rotation/22
=========ENERGY========
   1 F= -.17680461E+03 E0= -.17680758E+03  d E =-.176805E+03
=========Coordinates/Forces=========
 POSITION                                       TOTAL-FORCE (eV/Angst)
      3.86116      2.52595      8.51459        -0.006410      0.013715      0.027065
      4.75522      2.19613      9.05371         0.034551      0.002992      0.028607
      2.97250      2.04619      8.93960        -0.014117     -0.009706     -0.011045
      3.95755      2.24098      7.45508        -0.014686     -0.020210     -0.009675
      3.76312      3.61481      8.58179         0.006280      0.018707      0.022014
 
=========PATH==========
/home/srr516/alkanes-Pt111/Pt-111/methane/PES-exploration/highEDIFF/correct/rotation/fromComet/rotation/23
=========ENERGY========
   1 F= -.17680463E+03 E0= -.17680760E+03  d E =-.176805E+03
=========Coordinates/Forces=========
 POSITION                                       TOTAL-FORCE (eV/Angst)
      3.86116      2.52595      8.51459        -0.006714      0.013558      0.027252
      4.76084      2.21178      9.05371         0.034605      0.003682      0.028585
      2.98101      2.03075      8.93960        -0.013938     -0.009996     -0.010965
      3.96251      2.24271      7.45508        -0.014388     -0.020525     -0.009782
      3.74413      3.61293      8.58179         0.005838      0.018877      0.021985
 
=========PATH==========
/home/srr516/alkanes-Pt111/Pt-111/methane/PES-exploration/highEDIFF/correct/rotation/fromComet/rotation/24
=========ENERGY========
   1 F= -.17680465E+03 E0= -.17680762E+03  d E =-.176805E+03
=========Coordinates/Forces=========
 POSITION                                       TOTAL-FORCE (eV/Angst)
      3.86116      2.52595      8.51459        -0.007007      0.013401      0.027445
      4.76618      2.22753      9.05371         0.034451      0.004193      0.028630
      2.98978      2.01547      8.93960        -0.013799     -0.010133     -0.010953
      3.96744      2.24452      7.45508        -0.013998     -0.020783     -0.009982
      3.72518      3.61073      8.58179         0.005563      0.018899      0.021853
 
=========PATH==========
/home/srr516/alkanes-Pt111/Pt-111/methane/PES-exploration/highEDIFF/correct/rotation/fromComet/rotation/25
=========ENERGY========
   1 F= -.17680467E+03 E0= -.17680764E+03  d E =-.176805E+03
=========Coordinates/Forces=========
 POSITION                                       TOTAL-FORCE (eV/Angst)
      3.86116      2.52595      8.51459        -0.007289      0.013246      0.027637
      4.77125      2.24337      9.05371         0.034300      0.004783      0.028500
      2.99883      2.00034      8.93960        -0.013518     -0.010436     -0.011012
      3.97233      2.24642      7.45508        -0.013669     -0.021044     -0.010089
      3.70627      3.60819      8.58179         0.005205      0.018869      0.021814
 
=========PATH==========
/home/srr516/alkanes-Pt111/Pt-111/methane/PES-exploration/highEDIFF/correct/rotation/fromComet/rotation/26
=========ENERGY========
   1 F= -.17680470E+03 E0= -.17680767E+03  d E =-.176805E+03
=========Coordinates/Forces=========
 POSITION                                       TOTAL-FORCE (eV/Angst)
      3.86116      2.52595      8.51459        -0.007560      0.013076      0.027829
      4.77605      2.25930      9.05371         0.034213      0.005392      0.028467
      3.00813      1.98537      8.93960        -0.013265     -0.010731     -0.011061
      3.97719      2.24840      7.45508        -0.013329     -0.021437     -0.010249
      3.68740      3.60532      8.58179         0.004827      0.019131      0.021728
 
=========PATH==========
/home/srr516/alkanes-Pt111/Pt-111/methane/PES-exploration/highEDIFF/correct/rotation/fromComet/rotation/27
=========ENERGY========
   1 F= -.17680472E+03 E0= -.17680769E+03  d E =-.176805E+03
=========Coordinates/Forces=========
 POSITION                                       TOTAL-FORCE (eV/Angst)
      3.86116      2.52595      8.51459        -0.007820      0.012897      0.028021
      4.78056      2.27531      9.05371         0.034102      0.006039      0.028404
      3.01769      1.97056      8.93960        -0.013118     -0.010970     -0.010974
      3.98202      2.25047      7.45508        -0.012962     -0.021675     -0.010521
      3.66859      3.60212      8.58179         0.004532      0.019291      0.021655
 
=========PATH==========
/home/srr516/alkanes-Pt111/Pt-111/methane/PES-exploration/highEDIFF/correct/rotation/fromComet/rotation/28
=========ENERGY========
   1 F= -.17680474E+03 E0= -.17680771E+03  d E =-.176805E+03
=========Coordinates/Forces=========
 POSITION                                       TOTAL-FORCE (eV/Angst)
      3.86116      2.52595      8.51459        -0.008079      0.012718      0.028211
      4.78479      2.29139      9.05371         0.034152      0.006504      0.028378
      3.02752      1.95593      8.93960        -0.012928     -0.011105     -0.010996
      3.98681      2.25262      7.45508        -0.012577     -0.021891     -0.010614
      3.64984      3.59860      8.58179         0.004115      0.019372      0.021496
 
=========PATH==========
/home/srr516/alkanes-Pt111/Pt-111/methane/PES-exploration/highEDIFF/correct/rotation/fromComet/rotation/29
=========ENERGY========
   1 F= -.17680476E+03 E0= -.17680773E+03  d E =-.176805E+03
=========Coordinates/Forces=========
 POSITION                                       TOTAL-FORCE (eV/Angst)
      3.86116      2.52595      8.51459        -0.008330      0.012516      0.028397
      4.78875      2.30754      9.05371         0.034104      0.007168      0.028438
      3.03759      1.94146      8.93960        -0.012730     -0.011180     -0.011012
      3.99156      2.25485      7.45508        -0.012064     -0.022165     -0.010787
      3.63115      3.59475      8.58179         0.003800      0.019623      0.021355
 
=========PATH==========
/home/srr516/alkanes-Pt111/Pt-111/methane/PES-exploration/highEDIFF/correct/rotation/fromComet/rotation/30
=========ENERGY========
   1 F= -.17680478E+03 E0= -.17680775E+03  d E =-.176805E+03
=========Coordinates/Forces=========
 POSITION                                       TOTAL-FORCE (eV/Angst)
      3.86116      2.52595      8.51459        -0.008577      0.012328      0.028572
      4.79242      2.32377      9.05371         0.033951      0.007682      0.028402
      3.04792      1.92718      8.93960        -0.012468     -0.011523     -0.010818
      3.99627      2.25717      7.45508        -0.011525     -0.022359     -0.010960
      3.61253      3.59057      8.58179         0.003528      0.019501      0.021354
 
=========PATH==========
/home/srr516/alkanes-Pt111/Pt-111/methane/PES-exploration/highEDIFF/correct/rotation/fromComet/rotation/31
=========ENERGY========
   1 F= -.17680480E+03 E0= -.17680777E+03  d E =-.176805E+03
=========Coordinates/Forces=========
 POSITION                                       TOTAL-FORCE (eV/Angst)
      3.86116      2.52595      8.51459        -0.008795      0.012116      0.028757
      4.79580      2.34005      9.05371         0.033828      0.008257      0.028382
      3.05849      1.91308      8.93960        -0.012377     -0.011794     -0.010867
      4.00094      2.25957      7.45508        -0.011121     -0.022634     -0.011173
      3.59399      3.58607      8.58179         0.003112      0.019858      0.021321
 
=========PATH==========
/home/srr516/alkanes-Pt111/Pt-111/methane/PES-exploration/highEDIFF/correct/rotation/fromComet/rotation/32
=========ENERGY========
   1 F= -.17680482E+03 E0= -.17680779E+03  d E =-.176805E+03
=========Coordinates/Forces=========
 POSITION                                       TOTAL-FORCE (eV/Angst)
      3.86116      2.52595      8.51459        -0.009004      0.011902      0.028936
      4.79891      2.35639      9.05371         0.033755      0.008747      0.028365
      3.06931      1.89916      8.93960        -0.012138     -0.011985     -0.010843
      4.00557      2.26205      7.45508        -0.010665     -0.022873     -0.011258
      3.57553      3.58124      8.58179         0.002664      0.020068      0.021184
 
=========PATH==========
/home/srr516/alkanes-Pt111/Pt-111/methane/PES-exploration/highEDIFF/correct/rotation/fromComet/rotation/33
=========ENERGY========
   1 F= -.17680484E+03 E0= -.17680781E+03  d E =-.176805E+03
=========Coordinates/Forces=========
 POSITION                                       TOTAL-FORCE (eV/Angst)
      3.86116      2.52595      8.51459        -0.009205      0.011683      0.029120
      4.80172      2.37278      9.05371         0.033675      0.009466      0.028339
      3.08037      1.88544      8.93960        -0.011763     -0.012212     -0.010954
      4.01015      2.26461      7.45508        -0.010323     -0.023135     -0.011397
      3.55716      3.57610      8.58179         0.002247      0.020008      0.021116
 
=========PATH==========
/home/srr516/alkanes-Pt111/Pt-111/methane/PES-exploration/highEDIFF/correct/rotation/fromComet/rotation/34
=========ENERGY========
   1 F= -.17680486E+03 E0= -.17680783E+03  d E =-.176805E+03
=========Coordinates/Forces=========
 POSITION                                       TOTAL-FORCE (eV/Angst)
      3.86116      2.52595      8.51459        -0.009389      0.011461      0.029299
      4.80425      2.38922      9.05371         0.033335      0.009889      0.028263
      3.09167      1.87191      8.93960        -0.011631     -0.012368     -0.010955
      4.01469      2.26725      7.45508        -0.009859     -0.023296     -0.011536
      3.53888      3.57063      8.58179         0.001824      0.019943      0.021035
 
=========PATH==========
/home/srr516/alkanes-Pt111/Pt-111/methane/PES-exploration/highEDIFF/correct/rotation/fromComet/rotation/35
=========ENERGY========
   1 F= -.17680489E+03 E0= -.17680786E+03  d E =-.176805E+03
=========Coordinates/Forces=========
 POSITION                                       TOTAL-FORCE (eV/Angst)
      3.86116      2.52595      8.51459        -0.009580      0.011222      0.029479
      4.80650      2.40570      9.05371         0.033227      0.010539      0.028152
      3.10320      1.85858      8.93960        -0.011419     -0.012483     -0.010975
      4.01918      2.26997      7.45508        -0.009506     -0.023539     -0.011701
      3.52069      3.56485      8.58179         0.001670      0.020117      0.020985
 
=========PATH==========
/home/srr516/alkanes-Pt111/Pt-111/methane/PES-exploration/highEDIFF/correct/rotation/fromComet/rotation/36
=========ENERGY========
   1 F= -.17680491E+03 E0= -.17680788E+03  d E =-.176805E+03
=========Coordinates/Forces=========
 POSITION                                       TOTAL-FORCE (eV/Angst)
      3.86116      2.52595      8.51459        -0.009752      0.010980      0.029650
      4.80845      2.42222      9.05371         0.033115      0.011074      0.028360
      3.11496      1.84545      8.93960        -0.011243     -0.012593     -0.011000
      4.02363      2.27277      7.45508        -0.009054     -0.023681     -0.011879
      3.50261      3.55875      8.58179         0.001290      0.020110      0.020895
 
=========PATH==========
/home/srr516/alkanes-Pt111/Pt-111/methane/PES-exploration/highEDIFF/correct/rotation/fromComet/rotation/37
=========ENERGY========
   1 F= -.17680492E+03 E0= -.17680789E+03  d E =-.176805E+03
=========Coordinates/Forces=========
 POSITION                                       TOTAL-FORCE (eV/Angst)
      3.86116      2.52595      8.51459        -0.009913      0.010742      0.029824
      4.81012      2.43877      9.05371         0.032890      0.011387      0.028188
      3.12695      1.83254      8.93960        -0.010925     -0.012718     -0.010831
      4.02802      2.27564      7.45508        -0.008612     -0.023907     -0.012017
      3.48464      3.55234      8.58179         0.000920      0.020128      0.020828
 
=========PATH==========
/home/srr516/alkanes-Pt111/Pt-111/methane/PES-exploration/highEDIFF/correct/rotation/fromComet/rotation/38
=========ENERGY========
   1 F= -.17680494E+03 E0= -.17680791E+03  d E =-.176805E+03
=========Coordinates/Forces=========
 POSITION                                       TOTAL-FORCE (eV/Angst)
      3.86116      2.52595      8.51459        -0.010068      0.010484      0.030001
      4.81149      2.45534      9.05371         0.032681      0.012163      0.028012
      3.13916      1.81983      8.93960        -0.010706     -0.012982     -0.010750
      4.03236      2.27859      7.45508        -0.008204     -0.024031     -0.012235
      3.46679      3.54561      8.58179         0.000829      0.019960      0.020791
 
=========PATH==========
/home/srr516/alkanes-Pt111/Pt-111/methane/PES-exploration/highEDIFF/correct/rotation/fromComet/rotation/39
=========ENERGY========
   1 F= -.17680495E+03 E0= -.17680792E+03  d E =-.176805E+03
=========Coordinates/Forces=========
 POSITION                                       TOTAL-FORCE (eV/Angst)
      3.86116      2.52595      8.51459        -0.010194      0.010213      0.030179
      4.81258      2.47194      9.05371         0.032362      0.012718      0.027813
      3.15160      1.80733      8.93960        -0.010343     -0.013113     -0.010760
      4.03666      2.28162      7.45508        -0.007816     -0.024160     -0.012340
      3.44905      3.53857      8.58179         0.000350      0.019954      0.020655
 
=========PATH==========
/home/srr516/alkanes-Pt111/Pt-111/methane/PES-exploration/highEDIFF/correct/rotation/fromComet/rotation/40
=========ENERGY========
   1 F= -.17680497E+03 E0= -.17680794E+03  d E =-.176805E+03
=========Coordinates/Forces=========
 POSITION                                       TOTAL-FORCE (eV/Angst)
      3.86116      2.52595      8.51459        -0.010316      0.009931      0.030339
      4.81338      2.48855      9.05371         0.032179      0.013195      0.027863
      3.16425      1.79506      8.93960        -0.010138     -0.013339     -0.010729
      4.04089      2.28472      7.45508        -0.007335     -0.024224     -0.012438
      3.43144      3.53122      8.58179        -0.000241      0.020087      0.020601
 
=========PATH==========
/home/srr516/alkanes-Pt111/Pt-111/methane/PES-exploration/highEDIFF/correct/rotation/fromComet/rotation/41
=========ENERGY========
   1 F= -.17680499E+03 E0= -.17680796E+03  d E =-.176805E+03
=========Coordinates/Forces=========
 POSITION                                       TOTAL-FORCE (eV/Angst)
      3.86116      2.52595      8.51459        -0.010444      0.009635      0.030497
      4.81389      2.50517      9.05371         0.032069      0.013825      0.027996
      3.17711      1.78301      8.93960        -0.009969     -0.013569     -0.010733
      4.04508      2.28789      7.45508        -0.006795     -0.024310     -0.012655
      3.41396      3.52357      8.58179        -0.000450      0.020284      0.020572
 
=========PATH==========
/home/srr516/alkanes-Pt111/Pt-111/methane/PES-exploration/highEDIFF/correct/rotation/fromComet/rotation/42
=========ENERGY========
   1 F= -.17680501E+03 E0= -.17680798E+03  d E =-.176805E+03
=========Coordinates/Forces=========
 POSITION                                       TOTAL-FORCE (eV/Angst)
      3.86116      2.52595      8.51459        -0.010544      0.009338      0.030660
      4.81410      2.52181      9.05371         0.031812      0.014390      0.028043
      3.19018      1.77118      8.93960        -0.009771     -0.013672     -0.010714
      4.04920      2.29114      7.45508        -0.006319     -0.024401     -0.012821
      3.39662      3.51561      8.58179        -0.000914      0.020073      0.020398
 
=========PATH==========
/home/srr516/alkanes-Pt111/Pt-111/methane/PES-exploration/highEDIFF/correct/rotation/fromComet/rotation/43
=========ENERGY========
   1 F= -.17680502E+03 E0= -.17680799E+03  d E =-.176805E+03
=========Coordinates/Forces=========
 POSITION                                       TOTAL-FORCE (eV/Angst)
      3.86116      2.52595      8.51459        -0.010634      0.009037      0.030817
      4.81403      2.53844      9.05371         0.031649      0.014720      0.028006
      3.20345      1.75959      8.93960        -0.009601     -0.013832     -0.010715
      4.05327      2.29445      7.45508        -0.005917     -0.024525     -0.012876
      3.37942      3.50736      8.58179        -0.001328      0.019973      0.020367
 
=========PATH==========
/home/srr516/alkanes-Pt111/Pt-111/methane/PES-exploration/highEDIFF/correct/rotation/fromComet/rotation/44
=========ENERGY========
   1 F= -.17680504E+03 E0= -.17680801E+03  d E =-.176805E+03
=========Coordinates/Forces=========
 POSITION                                       TOTAL-FORCE (eV/Angst)
      3.86116      2.52595      8.51459        -0.010718      0.008717      0.030974
      4.81367      2.55507      9.05371         0.031577      0.015438      0.027872
      3.21693      1.74823      8.93960        -0.009341     -0.014004     -0.010611
      4.05728      2.29784      7.45508        -0.005520     -0.024647     -0.012990
      3.36236      3.49880      8.58179        -0.001755      0.019861      0.020295
 
=========PATH==========
/home/srr516/alkanes-Pt111/Pt-111/methane/PES-exploration/highEDIFF/correct/rotation/fromComet/rotation/45
=========ENERGY========
   1 F= -.17680506E+03 E0= -.17680803E+03  d E =-.176805E+03
=========Coordinates/Forces=========
 POSITION                                       TOTAL-FORCE (eV/Angst)
      3.86116      2.52595      8.51459        -0.010784      0.008388      0.031125
      4.81302      2.57168      9.05371         0.031135      0.015855      0.027881
      3.23060      1.73710      8.93960        -0.009074     -0.014160     -0.010646
      4.06123      2.30130      7.45508        -0.005147     -0.024837     -0.013142
      3.34546      3.48995      8.58179        -0.001995      0.020109      0.020298
 
=========PATH==========
/home/srr516/alkanes-Pt111/Pt-111/methane/PES-exploration/highEDIFF/correct/rotation/fromComet/rotation/46
=========ENERGY========
   1 F= -.17680508E+03 E0= -.17680805E+03  d E =-.176805E+03
=========Coordinates/Forces=========
 POSITION                                       TOTAL-FORCE (eV/Angst)
      3.86116      2.52595      8.51459        -0.010852      0.008056      0.031272
      4.81207      2.58829      9.05371         0.030895      0.016380      0.027850
      3.24446      1.72622      8.93960        -0.008774     -0.014256     -0.010455
      4.06512      2.30482      7.45508        -0.004672     -0.024939     -0.013290
      3.32872      3.48080      8.58179        -0.002344      0.020009      0.020180
 
=========PATH==========
/home/srr516/alkanes-Pt111/Pt-111/methane/PES-exploration/highEDIFF/correct/rotation/fromComet/rotation/47
=========ENERGY========
   1 F= -.17680509E+03 E0= -.17680806E+03  d E =-.176805E+03
=========Coordinates/Forces=========
 POSITION                                       TOTAL-FORCE (eV/Angst)
      3.86116      2.52595      8.51459        -0.010903      0.007711      0.031422
      4.81084      2.60488      9.05371         0.030572      0.016852      0.027822
      3.25852      1.71558      8.93960        -0.008553     -0.014319     -0.010559
      4.06895      2.30842      7.45508        -0.004271     -0.025029     -0.013424
      3.31213      3.47136      8.58179        -0.002693      0.019979      0.020131
 
=========PATH==========
/home/srr516/alkanes-Pt111/Pt-111/methane/PES-exploration/highEDIFF/correct/rotation/fromComet/rotation/48
=========ENERGY========
   1 F= -.17680510E+03 E0= -.17680807E+03  d E =-.176805E+03
=========Coordinates/Forces=========
 POSITION                                       TOTAL-FORCE (eV/Angst)
      3.86116      2.52595      8.51459        -0.010945      0.007353      0.031567
      4.80932      2.62144      9.05371         0.030316      0.017318      0.027728
      3.27275      1.70518      8.93960        -0.008374     -0.014396     -0.010575
      4.07272      2.31208      7.45508        -0.003824     -0.025129     -0.013529
      3.29572      3.46164      8.58179        -0.003101      0.019990      0.020104
 
=========PATH==========
/home/srr516/alkanes-Pt111/Pt-111/methane/PES-exploration/highEDIFF/correct/rotation/fromComet/rotation/49
=========ENERGY========
   1 F= -.17680511E+03 E0= -.17680808E+03  d E =-.176805E+03
=========Coordinates/Forces=========
 POSITION                                       TOTAL-FORCE (eV/Angst)
      3.86116      2.52595      8.51459        -0.010991      0.006992      0.031702
      4.80751      2.63797      9.05371         0.030003      0.017892      0.027711
      3.28716      1.69504      8.93960        -0.008059     -0.014493     -0.010382
      4.07642      2.31580      7.45508        -0.003363     -0.025216     -0.013549
      3.27947      3.45163      8.58179        -0.003194      0.019906      0.019957
 
=========PATH==========
/home/srr516/alkanes-Pt111/Pt-111/methane/PES-exploration/highEDIFF/correct/rotation/fromComet/rotation/50
=========ENERGY========
   1 F= -.17680512E+03 E0= -.17680809E+03  d E =-.176805E+03
=========Coordinates/Forces=========
 POSITION                                       TOTAL-FORCE (eV/Angst)
      3.86116      2.52595      8.51459        -0.011012      0.006627      0.031833
      4.80541      2.65447      9.05371         0.029647      0.018266      0.027765
      3.30175      1.68515      8.93960        -0.007754     -0.014572     -0.010255
      4.08005      2.31959      7.45508        -0.002924     -0.025376     -0.013633
      3.26341      3.44133      8.58179        -0.003638      0.019869      0.019904
 
=========PATH==========
/home/srr516/alkanes-Pt111/Pt-111/methane/PES-exploration/highEDIFF/correct/rotation/fromComet/rotation/51
=========ENERGY========
   1 F= -.17680512E+03 E0= -.17680809E+03  d E =-.176805E+03
=========Coordinates/Forces=========
 POSITION                                       TOTAL-FORCE (eV/Angst)
      3.86116      2.52595      8.51459        -0.011021      0.006242      0.031967
      4.80302      2.67093      9.05371         0.029267      0.018735      0.027672
      3.31651      1.67551      8.93960        -0.007521     -0.014640     -0.010196
      4.08362      2.32344      7.45508        -0.002418     -0.025329     -0.013699
      3.24752      3.43076      8.58179        -0.004143      0.019941      0.019813
 
=========PATH==========
/home/srr516/alkanes-Pt111/Pt-111/methane/PES-exploration/highEDIFF/correct/rotation/fromComet/rotation/52
=========ENERGY========
   1 F= -.17680513E+03 E0= -.17680811E+03  d E =-.176805E+03
=========Coordinates/Forces=========
 POSITION                                       TOTAL-FORCE (eV/Angst)
      3.86116      2.52595      8.51459        -0.011022      0.005859      0.032106
      4.80035      2.68735      9.05371         0.029051      0.019411      0.027482
      3.33144      1.66614      8.93960        -0.007251     -0.014817     -0.010259
      4.08712      2.32736      7.45508        -0.001948     -0.025354     -0.013879
      3.23182      3.41991      8.58179        -0.004770      0.019828      0.019836
 
=========PATH==========
/home/srr516/alkanes-Pt111/Pt-111/methane/PES-exploration/highEDIFF/correct/rotation/fromComet/rotation/53
=========ENERGY========
   1 F= -.17680515E+03 E0= -.17680812E+03  d E =-.176805E+03
=========Coordinates/Forces=========
 POSITION                                       TOTAL-FORCE (eV/Angst)
      3.86116      2.52595      8.51459        -0.011034      0.005466      0.032236
      4.79739      2.70371      9.05371         0.028773      0.019779      0.027525
      3.34652      1.65702      8.93960        -0.006961     -0.014857     -0.010389
      4.09055      2.33133      7.45508        -0.001502     -0.025297     -0.013944
      3.21632      3.40879      8.58179        -0.004845      0.019803      0.019749
 
=========PATH==========
/home/srr516/alkanes-Pt111/Pt-111/methane/PES-exploration/highEDIFF/correct/rotation/fromComet/rotation/54
=========ENERGY========
   1 F= -.17680515E+03 E0= -.17680813E+03  d E =-.176805E+03
=========Coordinates/Forces=========
 POSITION                                       TOTAL-FORCE (eV/Angst)
      3.86116      2.52595      8.51459        -0.011023      0.005071      0.032357
      4.79414      2.72003      9.05371         0.028282      0.020320      0.027419
      3.36177      1.64817      8.93960        -0.006777     -0.014985     -0.010314
      4.09391      2.33536      7.45508        -0.000959     -0.025243     -0.013994
      3.20101      3.39741      8.58179        -0.005286      0.019470      0.019665
 
=========PATH==========
/home/srr516/alkanes-Pt111/Pt-111/methane/PES-exploration/highEDIFF/correct/rotation/fromComet/rotation/55
=========ENERGY========
   1 F= -.17680517E+03 E0= -.17680814E+03  d E =-.176805E+03
=========Coordinates/Forces=========
 POSITION                                       TOTAL-FORCE (eV/Angst)
      3.86116      2.52595      8.51459        -0.011009      0.004672      0.032467
      4.79061      2.73628      9.05371         0.027962      0.020768      0.027546
      3.37716      1.63959      8.93960        -0.006469     -0.015036     -0.010258
      4.09720      2.33945      7.45508        -0.000552     -0.025341     -0.014111
      3.18590      3.38575      8.58179        -0.005724      0.019350      0.019663
 
=========PATH==========
/home/srr516/alkanes-Pt111/Pt-111/methane/PES-exploration/highEDIFF/correct/rotation/fromComet/rotation/56
=========ENERGY========
   1 F= -.17680518E+03 E0= -.17680815E+03  d E =-.176805E+03
=========Coordinates/Forces=========
 POSITION                                       TOTAL-FORCE (eV/Angst)
      3.86116      2.52595      8.51459        -0.010991      0.004245      0.032581
      4.78680      2.75247      9.05371         0.027738      0.021259      0.027547
      3.39271      1.63128      8.93960        -0.006272     -0.015054     -0.010278
      4.10042      2.34360      7.45508        -0.000099     -0.025358     -0.014108
      3.17100      3.37384      8.58179        -0.006107      0.019454      0.019583
 
=========PATH==========
/home/srr516/alkanes-Pt111/Pt-111/methane/PES-exploration/highEDIFF/correct/rotation/fromComet/rotation/57
=========ENERGY========
   1 F= -.17680519E+03 E0= -.17680816E+03  d E =-.176805E+03
=========Coordinates/Forces=========
 POSITION                                       TOTAL-FORCE (eV/Angst)
      3.86116      2.52595      8.51459        -0.010965      0.003822      0.032684
      4.78271      2.76859      9.05371         0.027458      0.021661      0.027535
      3.40839      1.62324      8.93960        -0.005988     -0.015167     -0.010104
      4.10357      2.34781      7.45508         0.000313     -0.025392     -0.014167
      3.15631      3.36166      8.58179        -0.006501      0.019474      0.019508
 
=========PATH==========
/home/srr516/alkanes-Pt111/Pt-111/methane/PES-exploration/highEDIFF/correct/rotation/fromComet/rotation/58
=========ENERGY========
   1 F= -.17680519E+03 E0= -.17680816E+03  d E =-.176805E+03
=========Coordinates/Forces=========
 POSITION                                       TOTAL-FORCE (eV/Angst)
      3.86116      2.52595      8.51459        -0.010940      0.003398      0.032787
      4.77833      2.78463      9.05371         0.027115      0.022046      0.027498
      3.42421      1.61548      8.93960        -0.005731     -0.015211     -0.010166
      4.10664      2.35206      7.45508         0.000776     -0.025332     -0.014235
      3.14183      3.34923      8.58179        -0.006807      0.019296      0.019514
 
=========PATH==========
/home/srr516/alkanes-Pt111/Pt-111/methane/PES-exploration/highEDIFF/correct/rotation/fromComet/rotation/59
=========ENERGY========
   1 F= -.17680519E+03 E0= -.17680816E+03  d E =-.176805E+03
=========Coordinates/Forces=========
 POSITION                                       TOTAL-FORCE (eV/Angst)
      3.86116      2.52595      8.51459        -0.010914      0.002962      0.032880
      4.77368      2.80060      9.05371         0.026793      0.022520      0.027457
      3.44017      1.60799      8.93960        -0.005481     -0.015219     -0.009974
      4.10964      2.35637      7.45508         0.001177     -0.025405     -0.014293
      3.12757      3.33655      8.58179        -0.006987      0.019361      0.019413
 
=========PATH==========
/home/srr516/alkanes-Pt111/Pt-111/methane/PES-exploration/highEDIFF/correct/rotation/fromComet/rotation/60
=========ENERGY========
   1 F= -.17680519E+03 E0= -.17680816E+03  d E =-.176805E+03
=========Coordinates/Forces=========
 POSITION                                       TOTAL-FORCE (eV/Angst)
      3.86116      2.52595      8.51459        -0.010873      0.002531      0.032987
      4.76874      2.81649      9.05371         0.026300      0.023010      0.027281
      3.45626      1.60078      8.93960        -0.005125     -0.015340     -0.010057
      4.11256      2.36074      7.45508         0.001660     -0.025359     -0.014358
      3.11353      3.32363      8.58179        -0.007530      0.019285      0.019383
 
