=========PATH==========
/home/srr516/alkanes-Pt111/Pt-111/ethane/PES-exploration/higherEDIFF/correct/rotation/fromComet/rotation/49
=========ENERGY========
   1 F= -.19328714E+03 E0= -.19329006E+03  d E =-.193287E+03
=========Coordinates/Forces=========
 POSITION                                       TOTAL-FORCE (eV/Angst)
      3.88541      2.52361      9.63834         0.023620      0.015746      0.033198
      5.19539      2.71850     10.39906        -0.021733     -0.010646     -0.015373
      3.29706      1.68801     10.04355        -0.006330      0.000860     -0.003924
      4.07258      2.30047      8.56989        -0.004368     -0.010318     -0.002528
      3.25679      3.42499      9.67158         0.000725     -0.002734     -0.003143
      5.80347      3.51999      9.95619         0.000028      0.010373     -0.005064
      5.80318      1.80266     10.39705         0.005097     -0.001421     -0.007000
      5.00782      2.98883     11.44796         0.005152     -0.005411      0.019657