=========PATH==========
/home/srr516/alkanes-Pt111/Pt-111/ethane/PES-exploration/higherEDIFF/correct/rotation/fromComet/rotation/1
=========ENERGY========
   1 F= -.19328566E+03 E0= -.19328859E+03  d E =-.193286E+03
=========Coordinates/Forces=========
 POSITION                                       TOTAL-FORCE (eV/Angst)
      3.88541      2.52361      9.63834         0.035488     -0.007749      0.019297
      4.90679      1.68051     10.39906        -0.023878      0.016172     -0.008561
      2.87076      2.40172     10.04355        -0.005098      0.005070     -0.004707
      3.84483      2.23521      8.56989        -0.009661     -0.001157      0.007438
      4.13464      3.59391      9.67158        -0.001921     -0.002904      0.001245
      5.90930      1.76493      9.95619         0.007804      0.007377     -0.005404
      4.63288      0.61603     10.39705         0.002606     -0.005268     -0.007198
      4.98218      2.00079     11.44796        -0.000341     -0.008004      0.019530
 
=========PATH==========
/home/srr516/alkanes-Pt111/Pt-111/ethane/PES-exploration/higherEDIFF/correct/rotation/fromComet/rotation/2
=========ENERGY========
   1 F= -.19328563E+03 E0= -.19328856E+03  d E =-.193286E+03
=========Coordinates/Forces=========
 POSITION                                       TOTAL-FORCE (eV/Angst)
      3.88541      2.52361      9.63834         0.035330     -0.006911      0.019629
      4.92135      1.69847     10.39906        -0.020480      0.006738     -0.009887
      2.87304      2.38403     10.04355        -0.005321      0.005161     -0.004621
      3.84987      2.23455      8.56989        -0.009705     -0.001077      0.007224
      4.11592      3.59809      9.67158        -0.001925     -0.002432      0.001315
      5.92223      1.80036      9.95619         0.007808      0.007714     -0.005493
      4.66606      0.62936     10.39705         0.002316     -0.004967     -0.007208
      4.99113      2.02001     11.44796        -0.000123     -0.007715      0.019436
 
=========PATH==========
/home/srr516/alkanes-Pt111/Pt-111/ethane/PES-exploration/higherEDIFF/correct/rotation/fromComet/rotation/3
=========ENERGY========
   1 F= -.19328553E+03 E0= -.19328846E+03  d E =-.193286E+03
=========Coordinates/Forces=========
 POSITION                                       TOTAL-FORCE (eV/Angst)
      3.88541      2.52361      9.63834         0.035215     -0.006442      0.020060
      4.93559      1.71667     10.39906        -0.018608      0.009581     -0.013868
      2.87563      2.36638     10.04355        -0.005549      0.004914     -0.004386
      3.85492      2.23397      8.56989        -0.009701     -0.001398      0.007138
      4.09713      3.60195      9.67158        -0.001920     -0.002738      0.001247
      5.93454      1.83602      9.95619         0.007704      0.007857     -0.005535
      4.69900      0.64328     10.39705         0.002408     -0.005122     -0.007137
      4.99975      2.03938     11.44796        -0.000026     -0.008084      0.019547
 
=========PATH==========
/home/srr516/alkanes-Pt111/Pt-111/ethane/PES-exploration/higherEDIFF/correct/rotation/fromComet/rotation/4
=========ENERGY========
   1 F= -.19328559E+03 E0= -.19328852E+03  d E =-.193286E+03
=========Coordinates/Forces=========
 POSITION                                       TOTAL-FORCE (eV/Angst)
      3.88541      2.52361      9.63834         0.035027     -0.006102      0.020353
      4.94951      1.73512     10.39906        -0.014320      0.017130     -0.013675
      2.87853      2.34878     10.04355        -0.005680      0.004552     -0.004411
      3.85998      2.23348      8.56989        -0.009747     -0.001974      0.006838
      4.07828      3.60548      9.67158        -0.001925     -0.002999      0.001143
      5.94623      1.87189      9.95619         0.007028      0.007580     -0.005515
      4.73169      0.65776     10.39705         0.002285     -0.005053     -0.007149
      5.00804      2.05890     11.44796        -0.000069     -0.008179      0.019663
 
=========PATH==========
/home/srr516/alkanes-Pt111/Pt-111/ethane/PES-exploration/higherEDIFF/correct/rotation/fromComet/rotation/5
=========ENERGY========
   1 F= -.19328577E+03 E0= -.19328870E+03  d E =-.193286E+03
=========Coordinates/Forces=========
 POSITION                                       TOTAL-FORCE (eV/Angst)
      3.88541      2.52361      9.63834         0.035062     -0.005543      0.020570
      4.96311      1.75381     10.39906        -0.019655      0.016365     -0.010785
      2.88173      2.33124     10.04355        -0.005569      0.004348     -0.004537
      3.86504      2.23308      8.56989        -0.009674     -0.002292      0.006478
      4.05937      3.60868      9.67158        -0.001619     -0.002943      0.000941
      5.95729      1.90795      9.95619         0.007334      0.008085     -0.005499
      4.76412      0.67281     10.39705         0.002298     -0.005122     -0.007238
      5.01598      2.07857     11.44796         0.000387     -0.008004      0.019583
 
=========PATH==========
/home/srr516/alkanes-Pt111/Pt-111/ethane/PES-exploration/higherEDIFF/correct/rotation/fromComet/rotation/6
=========ENERGY========
   1 F= -.19328579E+03 E0= -.19328872E+03  d E =-.193286E+03
=========Coordinates/Forces=========
 POSITION                                       TOTAL-FORCE (eV/Angst)
      3.88541      2.52361      9.63834         0.035202     -0.004991      0.020829
      4.97638      1.77274     10.39906        -0.028475      0.016703     -0.008568
      2.88524      2.31375     10.04355        -0.005305      0.004125     -0.004547
      3.87012      2.23277      8.56989        -0.009340     -0.002472      0.006190
      4.04041      3.61156      9.67158        -0.001313     -0.003115      0.000722
      5.96772      1.94421      9.95619         0.007406      0.008076     -0.005491
      4.79629      0.68843     10.39705         0.002900     -0.005116     -0.007422
      5.02357      2.09837     11.44796         0.000655     -0.008038      0.019400
 
=========PATH==========
/home/srr516/alkanes-Pt111/Pt-111/ethane/PES-exploration/higherEDIFF/correct/rotation/fromComet/rotation/7
=========ENERGY========
   1 F= -.19328589E+03 E0= -.19328882E+03  d E =-.193286E+03
=========Coordinates/Forces=========
 POSITION                                       TOTAL-FORCE (eV/Angst)
      3.88541      2.52361      9.63834         0.034869     -0.004432      0.021282
      4.98932      1.79189     10.39906        -0.021006      0.016232     -0.013343
      2.88906      2.29633     10.04355        -0.005670      0.004116     -0.004315
      3.87520      2.23255      8.56989        -0.009547     -0.002684      0.006142
      4.02140      3.61409      9.67158        -0.001407     -0.003041      0.000692
      5.97752      1.98064      9.95619         0.007036      0.008381     -0.005543
      4.82818      0.70461     10.39705         0.002703     -0.004966     -0.007245
      5.03082      2.11829     11.44796         0.000373     -0.008090      0.019557
 
=========PATH==========
/home/srr516/alkanes-Pt111/Pt-111/ethane/PES-exploration/higherEDIFF/correct/rotation/fromComet/rotation/8
=========ENERGY========
   1 F= -.19328590E+03 E0= -.19328883E+03  d E =-.193286E+03
=========Coordinates/Forces=========
 POSITION                                       TOTAL-FORCE (eV/Angst)
      3.88541      2.52361      9.63834         0.034693     -0.003624      0.021673
      5.00192      1.81127     10.39906        -0.020311      0.006565     -0.015871
      2.89317      2.27897     10.04355        -0.005692      0.004317     -0.004367
      3.88028      2.23241      8.56989        -0.009503     -0.002621      0.005950
      4.00234      3.61630      9.67158        -0.001320     -0.002827      0.000764
      5.98667      2.01723      9.95619         0.006737      0.008593     -0.005365
      4.85978      0.72134     10.39705         0.002579     -0.004773     -0.006975
      5.03772      2.13835     11.44796         0.000739     -0.007779      0.019557
 
=========PATH==========
/home/srr516/alkanes-Pt111/Pt-111/ethane/PES-exploration/higherEDIFF/correct/rotation/fromComet/rotation/9
=========ENERGY========
   1 F= -.19328578E+03 E0= -.19328871E+03  d E =-.193286E+03
=========Coordinates/Forces=========
 POSITION                                       TOTAL-FORCE (eV/Angst)
      3.88541      2.52361      9.63834         0.034434     -0.003158      0.022023
      5.01418      1.83087     10.39906        -0.017006      0.008562     -0.016821
      2.89759      2.26169     10.04355        -0.005800      0.004056     -0.004225
      3.88536      2.23237      8.56989        -0.009571     -0.002922      0.005736
      3.98326      3.61818      9.67158        -0.001284     -0.002901      0.000678
      5.99519      2.05398      9.95619         0.006694      0.008699     -0.005522
      4.89109      0.73862     10.39705         0.002673     -0.004924     -0.007056
      5.04427      2.15852     11.44796         0.000504     -0.008018      0.019599
 
=========PATH==========
/home/srr516/alkanes-Pt111/Pt-111/ethane/PES-exploration/higherEDIFF/correct/rotation/fromComet/rotation/10
=========ENERGY========
   1 F= -.19328593E+03 E0= -.19328886E+03  d E =-.193286E+03
=========Coordinates/Forces=========
 POSITION                                       TOTAL-FORCE (eV/Angst)
      3.88541      2.52361      9.63834         0.034320     -0.002859      0.022335
      5.02610      1.85067     10.39906        -0.019109      0.015823     -0.016562
      2.90232      2.24449     10.04355        -0.005675      0.003747     -0.004337
      3.89044      2.23241      8.56989        -0.009453     -0.003386      0.005388
      3.96414      3.61972      9.67158        -0.001206     -0.003133      0.000520
      6.00307      2.09087      9.95619         0.006831      0.008624     -0.005477
      4.92209      0.75644     10.39705         0.002636     -0.005080     -0.006915
      5.05046      2.17880     11.44796         0.000726     -0.007975      0.019684
 
=========PATH==========
/home/srr516/alkanes-Pt111/Pt-111/ethane/PES-exploration/higherEDIFF/correct/rotation/fromComet/rotation/11
=========ENERGY========
   1 F= -.19328601E+03 E0= -.19328894E+03  d E =-.193286E+03
=========Coordinates/Forces=========
 POSITION                                       TOTAL-FORCE (eV/Angst)
      3.88541      2.52361      9.63834         0.034412     -0.002222      0.022526
      5.03767      1.87068     10.39906        -0.028154      0.010951     -0.012336
      2.90734      2.22738     10.04355        -0.005610      0.003731     -0.004506
      3.89552      2.23254      8.56989        -0.009159     -0.003445      0.005040
      3.94500      3.62092      9.67158        -0.000883     -0.003036      0.000274
      6.01030      2.12790      9.95619         0.006834      0.008920     -0.005570
      4.95277      0.77480     10.39705         0.002877     -0.004695     -0.007274
      5.05630      2.19918     11.44796         0.001238     -0.007752      0.019584
 
=========PATH==========
/home/srr516/alkanes-Pt111/Pt-111/ethane/PES-exploration/higherEDIFF/correct/rotation/fromComet/rotation/12
=========ENERGY========
   1 F= -.19328602E+03 E0= -.19328895E+03  d E =-.193286E+03
=========Coordinates/Forces=========
 POSITION                                       TOTAL-FORCE (eV/Angst)
      3.88541      2.52361      9.63834         0.034178     -0.001873      0.022854
      5.04889      1.89089     10.39906        -0.026578      0.017231     -0.012507
      2.91266      2.21035     10.04355        -0.005686      0.003344     -0.004667
      3.90060      2.23276      8.56989        -0.009191     -0.003860      0.004816
      3.92584      3.62180      9.67158        -0.000888     -0.003055      0.000189
      6.01688      2.16504      9.95619         0.006667      0.008755     -0.005591
      4.98313      0.79370     10.39705         0.003015     -0.004951     -0.007305
      5.06179      2.21967     11.44796         0.001397     -0.008088      0.019593
 
=========PATH==========
/home/srr516/alkanes-Pt111/Pt-111/ethane/PES-exploration/higherEDIFF/correct/rotation/fromComet/rotation/13
=========ENERGY========
   1 F= -.19328614E+03 E0= -.19328907E+03  d E =-.193286E+03
=========Coordinates/Forces=========
 POSITION                                       TOTAL-FORCE (eV/Angst)
      3.88541      2.52361      9.63834         0.033807     -0.001162      0.023258
      5.05976      1.91129     10.39906        -0.020128      0.010077     -0.015226
      2.91827      2.19342     10.04355        -0.005890      0.003445     -0.004522
      3.90568      2.23307      8.56989        -0.009319     -0.003920      0.004649
      3.90666      3.62234      9.67158        -0.000857     -0.002901      0.000115
      6.02281      2.20230      9.95619         0.006083      0.008992     -0.005469
      5.01315      0.81312     10.39705         0.002772     -0.004690     -0.007193
      5.06691      2.24024     11.44796         0.001329     -0.007746      0.019654
 
=========PATH==========
/home/srr516/alkanes-Pt111/Pt-111/ethane/PES-exploration/higherEDIFF/correct/rotation/fromComet/rotation/14
=========ENERGY========
   1 F= -.19328605E+03 E0= -.19328898E+03  d E =-.193286E+03
=========Coordinates/Forces=========
 POSITION                                       TOTAL-FORCE (eV/Angst)
      3.88541      2.52361      9.63834         0.033638     -0.000324      0.023525
      5.07027      1.93188     10.39906        -0.021773     -0.002860     -0.012902
      2.92418      2.17659     10.04355        -0.005823      0.003687     -0.004493
      3.91074      2.23347      8.56989        -0.009232     -0.003754      0.004408
      3.88749      3.62254      9.67158        -0.000700     -0.002519     -0.000083
      6.02809      2.23965      9.95619         0.006173      0.009708     -0.005652
      5.04283      0.83306     10.39705         0.002831     -0.004219     -0.007174
      5.07168      2.26091     11.44796         0.001432     -0.007482      0.019469
 
=========PATH==========
/home/srr516/alkanes-Pt111/Pt-111/ethane/PES-exploration/higherEDIFF/correct/rotation/fromComet/rotation/15
=========ENERGY========
   1 F= -.19328601E+03 E0= -.19328894E+03  d E =-.193286E+03
=========Coordinates/Forces=========
 POSITION                                       TOTAL-FORCE (eV/Angst)
      3.88541      2.52361      9.63834         0.033275     -0.000160      0.023914
      5.08041      1.95265     10.39906        -0.016786      0.008220     -0.015425
      2.93038      2.15987     10.04355        -0.006072      0.003247     -0.004304
      3.91580      2.23396      8.56989        -0.009310     -0.004268      0.004277
      3.86831      3.62241      9.67158        -0.000611     -0.002765     -0.000071
      6.03272      2.27709      9.95619         0.005857      0.009305     -0.005481
      5.07216      0.85352     10.39705         0.002779     -0.004793     -0.007068
      5.07608      2.28165     11.44796         0.001452     -0.007763      0.019573
 
=========PATH==========
/home/srr516/alkanes-Pt111/Pt-111/ethane/PES-exploration/higherEDIFF/correct/rotation/fromComet/rotation/16
=========ENERGY========
   1 F= -.19328618E+03 E0= -.19328911E+03  d E =-.193286E+03
=========Coordinates/Forces=========
 POSITION                                       TOTAL-FORCE (eV/Angst)
      3.88541      2.52361      9.63834         0.033119      0.000154      0.024173
      5.09020      1.97359     10.39906        -0.019190      0.013519     -0.013097
      2.93688      2.14326     10.04355        -0.006045      0.003016     -0.004267
      3.92085      2.23453      8.56989        -0.009126     -0.004652      0.003907
      3.84913      3.62194      9.67158        -0.000576     -0.003045     -0.000251
      6.03670      2.31460      9.95619         0.005615      0.009469     -0.005526
      5.10113      0.87448     10.39705         0.002902     -0.004815     -0.007180
      5.08012      2.30247     11.44796         0.001747     -0.008120      0.019562
 
=========PATH==========
/home/srr516/alkanes-Pt111/Pt-111/ethane/PES-exploration/higherEDIFF/correct/rotation/fromComet/rotation/17
=========ENERGY========
   1 F= -.19328627E+03 E0= -.19328919E+03  d E =-.193286E+03
=========Coordinates/Forces=========
 POSITION                                       TOTAL-FORCE (eV/Angst)
      3.88541      2.52361      9.63834         0.033217      0.000646      0.024361
      5.09961      1.99470     10.39906        -0.030000      0.012897     -0.008301
      2.94366      2.12676     10.04355        -0.005770      0.002965     -0.004498
      3.92589      2.23519      8.56989        -0.008815     -0.004868      0.003562
      3.82997      3.62114      9.67158        -0.000205     -0.003041     -0.000525
      6.04002      2.35218      9.95619         0.005865      0.009417     -0.005459
      5.12972      0.89595     10.39705         0.003208     -0.004614     -0.007396
      5.08380      2.32335     11.44796         0.002312     -0.007936      0.019433
 
=========PATH==========
/home/srr516/alkanes-Pt111/Pt-111/ethane/PES-exploration/higherEDIFF/correct/rotation/fromComet/rotation/18
=========ENERGY========
   1 F= -.19328633E+03 E0= -.19328926E+03  d E =-.193286E+03
=========Coordinates/Forces=========
 POSITION                                       TOTAL-FORCE (eV/Angst)
      3.88541      2.52361      9.63834         0.032912      0.001253      0.024714
      5.10866      2.01597     10.39906        -0.027386      0.008843     -0.009219
      2.95073      2.11039     10.04355        -0.005753      0.003022     -0.004545
      3.93092      2.23595      8.56989        -0.008730     -0.005030      0.003324
      3.81082      3.62001      9.67158        -0.000277     -0.002956     -0.000535
      6.04268      2.38980      9.95619         0.005575      0.009472     -0.005543
      5.15794      0.91792     10.39705         0.003208     -0.004505     -0.007273
      5.08711      2.34429     11.44796         0.002284     -0.007546      0.019447
 
=========PATH==========
/home/srr516/alkanes-Pt111/Pt-111/ethane/PES-exploration/higherEDIFF/correct/rotation/fromComet/rotation/19
=========ENERGY========
   1 F= -.19328627E+03 E0= -.19328920E+03  d E =-.193286E+03
=========Coordinates/Forces=========
 POSITION                                       TOTAL-FORCE (eV/Angst)
      3.88541      2.52361      9.63834         0.032596      0.002066      0.025075
      5.11733      2.03740     10.39906        -0.025004     -0.003111     -0.010161
      2.95808      2.09414     10.04355        -0.006012      0.003166     -0.004655
      3.93593      2.23678      8.56989        -0.008718     -0.004847      0.003173
      3.79170      3.61854      9.67158        -0.000207     -0.002516     -0.000676
      6.04469      2.42747      9.95619         0.005526      0.009885     -0.005493
      5.18577      0.94037     10.39705         0.003186     -0.003947     -0.007353
      5.09006      2.36529     11.44796         0.002301     -0.007410      0.019334
 
=========PATH==========
/home/srr516/alkanes-Pt111/Pt-111/ethane/PES-exploration/higherEDIFF/correct/rotation/fromComet/rotation/20
=========ENERGY========
   1 F= -.19328614E+03 E0= -.19328907E+03  d E =-.193286E+03
=========Coordinates/Forces=========
 POSITION                                       TOTAL-FORCE (eV/Angst)
      3.88541      2.52361      9.63834         0.032265      0.002250      0.025693
      5.12563      2.05897     10.39906        -0.022222      0.005508     -0.019634
      2.96572      2.07802     10.04355        -0.006158      0.002853     -0.004354
      3.94093      2.23771      8.56989        -0.008645     -0.005264      0.003228
      3.77260      3.61673      9.67158        -0.000319     -0.002697     -0.000507
      6.04604      2.46517      9.95619         0.005340      0.009941     -0.005366
      5.21320      0.96331     10.39705         0.003233     -0.004452     -0.006946
      5.09264      2.38634     11.44796         0.002422     -0.007673      0.019731
 
=========PATH==========
/home/srr516/alkanes-Pt111/Pt-111/ethane/PES-exploration/higherEDIFF/correct/rotation/fromComet/rotation/21
=========ENERGY========
   1 F= -.19328620E+03 E0= -.19328913E+03  d E =-.193286E+03
=========Coordinates/Forces=========
 POSITION                                       TOTAL-FORCE (eV/Angst)
      3.88541      2.52361      9.63834         0.031953      0.002528      0.025880
      5.13355      2.08069     10.39906        -0.020086      0.011824     -0.014434
      2.97364      2.06204     10.04355        -0.006136      0.002672     -0.004466
      3.94591      2.23872      8.56989        -0.008637     -0.005621      0.002812
      3.75354      3.61460      9.67158        -0.000221     -0.002970     -0.000764
      6.04673      2.50289      9.95619         0.004999      0.009422     -0.005436
      5.24023      0.98672     10.39705         0.003174     -0.004329     -0.007223
      5.09485      2.40743     11.44796         0.002481     -0.007601      0.019564
 
=========PATH==========
/home/srr516/alkanes-Pt111/Pt-111/ethane/PES-exploration/higherEDIFF/correct/rotation/fromComet/rotation/22
=========ENERGY========
   1 F= -.19328643E+03 E0= -.19328936E+03  d E =-.193286E+03
=========Coordinates/Forces=========
 POSITION                                       TOTAL-FORCE (eV/Angst)
      3.88541      2.52361      9.63834         0.031720      0.002914      0.026032
      5.14109      2.10254     10.39906        -0.020101      0.014126     -0.007836
      2.98183      2.04619     10.04355        -0.006114      0.002417     -0.004598
      3.95088      2.23982      8.56989        -0.008510     -0.005919      0.002411
      3.73452      3.61213      9.67158        -0.000136     -0.002991     -0.001032
      6.04676      2.54061      9.95619         0.004794      0.009771     -0.005570
      5.26685      1.01060     10.39705         0.003147     -0.004424     -0.007595
      5.09669      2.42856     11.44796         0.002366     -0.007781      0.019376
 
=========PATH==========
/home/srr516/alkanes-Pt111/Pt-111/ethane/PES-exploration/higherEDIFF/correct/rotation/fromComet/rotation/23
=========ENERGY========
   1 F= -.19328667E+03 E0= -.19328959E+03  d E =-.193287E+03
=========Coordinates/Forces=========
 POSITION                                       TOTAL-FORCE (eV/Angst)
      3.88541      2.52361      9.63834         0.031731      0.003458      0.026398
      5.14824      2.12452     10.39906        -0.029080      0.011807     -0.009745
      2.99030      2.03050     10.04355        -0.005947      0.002341     -0.004423
      3.95582      2.24101      8.56989        -0.008118     -0.006121      0.002177
      3.71555      3.60933      9.67158         0.000191     -0.003034     -0.001052
      6.04613      2.57833      9.95619         0.004781      0.009669     -0.005216
      5.29304      1.03494     10.39705         0.003468     -0.004201     -0.007242
      5.09817      2.44971     11.44796         0.002637     -0.007635      0.019452
 
=========PATH==========
/home/srr516/alkanes-Pt111/Pt-111/ethane/PES-exploration/higherEDIFF/correct/rotation/fromComet/rotation/24
=========ENERGY========
   1 F= -.19328661E+03 E0= -.19328954E+03  d E =-.193287E+03
=========Coordinates/Forces=========
 POSITION                                       TOTAL-FORCE (eV/Angst)
      3.88541      2.52361      9.63834         0.031633      0.004381      0.026677
      5.15502      2.14662     10.39906        -0.033893     -0.003955     -0.007579
      2.99904      2.01495     10.04355        -0.005835      0.002940     -0.004531
      3.96074      2.24228      8.56989        -0.007892     -0.005885      0.001881
      3.69663      3.60620      9.67158         0.000318     -0.002564     -0.001239
      6.04485      2.61603      9.95619         0.004737      0.010084     -0.005473
      5.31881      1.05973     10.39705         0.003677     -0.003828     -0.007214
      5.09927      2.47089     11.44796         0.003119     -0.007174      0.019301
 
=========PATH==========
/home/srr516/alkanes-Pt111/Pt-111/ethane/PES-exploration/higherEDIFF/correct/rotation/fromComet/rotation/25
=========ENERGY========
   1 F= -.19328644E+03 E0= -.19328937E+03  d E =-.193286E+03
=========Coordinates/Forces=========
 POSITION                                       TOTAL-FORCE (eV/Angst)
      3.88541      2.52361      9.63834         0.031175      0.004696      0.027114
      5.16140      2.16883     10.39906        -0.026224      0.000626     -0.010175
      3.00805      1.99956     10.04355        -0.006088      0.002765     -0.004589
      3.96564      2.24364      8.56989        -0.007893     -0.006230      0.001773
      3.67776      3.60274      9.67158         0.000139     -0.002547     -0.001175
      6.04291      2.65371      9.95619         0.004473      0.009989     -0.005234
      5.34414      1.08497     10.39705         0.003738     -0.004100     -0.007244
      5.10001      2.49208     11.44796         0.002852     -0.007431      0.019347
 
=========PATH==========
/home/srr516/alkanes-Pt111/Pt-111/ethane/PES-exploration/higherEDIFF/correct/rotation/fromComet/rotation/26
=========ENERGY========
   1 F= -.19328645E+03 E0= -.19328937E+03  d E =-.193286E+03
=========Coordinates/Forces=========
 POSITION                                       TOTAL-FORCE (eV/Angst)
      3.88541      2.52361      9.63834         0.031071      0.004910      0.027556
      5.16740      2.19116     10.39906        -0.031795      0.008429     -0.012939
      3.01733      1.98433     10.04355        -0.005905      0.002255     -0.004537
      3.97051      2.24508      8.56989        -0.007594     -0.006659      0.001684
      3.65896      3.59895      9.67158         0.000371     -0.002744     -0.001367
      6.04031      2.69134      9.95619         0.004519      0.010136     -0.005382
      5.36903      1.11065     10.39705         0.003965     -0.004044     -0.007175
      5.10037      2.51328     11.44796         0.003054     -0.007423      0.019490
 
=========PATH==========
/home/srr516/alkanes-Pt111/Pt-111/ethane/PES-exploration/higherEDIFF/correct/rotation/fromComet/rotation/27
=========ENERGY========
   1 F= -.19328652E+03 E0= -.19328945E+03  d E =-.193287E+03
=========Coordinates/Forces=========
 POSITION                                       TOTAL-FORCE (eV/Angst)
      3.88541      2.52361      9.63834         0.030394      0.005461      0.027732
      5.17301      2.21358     10.39906        -0.017607      0.006055     -0.007928
      3.02688      1.96926     10.04355        -0.006453      0.002207     -0.004711
      3.97536      2.24661      8.56989        -0.007903     -0.006818      0.001291
      3.64023      3.59484      9.67158        -0.000080     -0.002532     -0.001621
      6.03705      2.72892      9.95619         0.003823      0.009855     -0.005422
      5.39346      1.13675     10.39705         0.003486     -0.003975     -0.007220
      5.10037      2.53449     11.44796         0.002921     -0.007396      0.019321
 
=========PATH==========
/home/srr516/alkanes-Pt111/Pt-111/ethane/PES-exploration/higherEDIFF/correct/rotation/fromComet/rotation/28
=========ENERGY========
   1 F= -.19328671E+03 E0= -.19328964E+03  d E =-.193287E+03
=========Coordinates/Forces=========
 POSITION                                       TOTAL-FORCE (eV/Angst)
      3.88541      2.52361      9.63834         0.029902      0.005835      0.027997
      5.17822      2.23610     10.39906        -0.009489      0.007715     -0.006058
      3.03668      1.95436     10.04355        -0.006702      0.002274     -0.004801
      3.98018      2.24822      8.56989        -0.008019     -0.007124      0.001011
      3.62157      3.59040      9.67158        -0.000209     -0.002728     -0.001722
      6.03314      2.76644      9.95619         0.003365      0.010119     -0.005546
      5.41743      1.16328     10.39705         0.003341     -0.003752     -0.007349
      5.09999      2.55569     11.44796         0.002909     -0.007378      0.019333
 
=========PATH==========
/home/srr516/alkanes-Pt111/Pt-111/ethane/PES-exploration/higherEDIFF/correct/rotation/fromComet/rotation/29
=========ENERGY========
   1 F= -.19328679E+03 E0= -.19328972E+03  d E =-.193287E+03
=========Coordinates/Forces=========
 POSITION                                       TOTAL-FORCE (eV/Angst)
      3.88541      2.52361      9.63834         0.029950      0.006459      0.028482
      5.18304      2.25871     10.39906        -0.019538      0.001323     -0.012381
      3.04675      1.93963     10.04355        -0.006311      0.002249     -0.004581
      3.98497      2.24991      8.56989        -0.007703     -0.007148      0.001019
      3.60299      3.58563      9.67158         0.000225     -0.002369     -0.001646
      6.02858      2.80389      9.95619         0.003525      0.010087     -0.005116
      5.44094      1.19023     10.39705         0.003580     -0.003851     -0.007086
      5.09925      2.57688     11.44796         0.003255     -0.007082      0.019432
 
=========PATH==========
/home/srr516/alkanes-Pt111/Pt-111/ethane/PES-exploration/higherEDIFF/correct/rotation/fromComet/rotation/30
=========ENERGY========
   1 F= -.19328661E+03 E0= -.19328953E+03  d E =-.193287E+03
=========Coordinates/Forces=========
 POSITION                                       TOTAL-FORCE (eV/Angst)
      3.88541      2.52361      9.63834         0.029737      0.007096      0.028735
      5.18747      2.28139     10.39906        -0.021912     -0.005825     -0.011422
      3.05707      1.92509     10.04355        -0.006343      0.002383     -0.004379
      3.98974      2.25169      8.56989        -0.007526     -0.007166      0.000731
      3.58450      3.58054      9.67158         0.000198     -0.002035     -0.001740
      6.02336      2.84125      9.95619         0.003439      0.010291     -0.005184
      5.46398      1.21758     10.39705         0.003829     -0.003380     -0.007141
      5.09813      2.59806     11.44796         0.003436     -0.006983      0.019410
 
=========PATH==========
/home/srr516/alkanes-Pt111/Pt-111/ethane/PES-exploration/higherEDIFF/correct/rotation/fromComet/rotation/31
=========ENERGY========
   1 F= -.19328646E+03 E0= -.19328938E+03  d E =-.193286E+03
=========Coordinates/Forces=========
 POSITION                                       TOTAL-FORCE (eV/Angst)
      3.88541      2.52361      9.63834         0.029609      0.007445      0.029022
      5.19150      2.30415     10.39906        -0.026312     -0.001749     -0.011963
      3.06764      1.91072     10.04355        -0.006306      0.002229     -0.004405
      3.99446      2.25355      8.56989        -0.007125     -0.007513      0.000516
      3.56610      3.57513      9.67158         0.000242     -0.002133     -0.001827
      6.01749      2.87851      9.95619         0.003209      0.010126     -0.005105
      5.48653      1.24533     10.39705         0.004051     -0.003353     -0.007225
      5.09665      2.61921     11.44796         0.003722     -0.006949      0.019493
 
=========PATH==========
/home/srr516/alkanes-Pt111/Pt-111/ethane/PES-exploration/higherEDIFF/correct/rotation/fromComet/rotation/32
=========ENERGY========
   1 F= -.19328644E+03 E0= -.19328936E+03  d E =-.193286E+03
=========Coordinates/Forces=========
 POSITION                                       TOTAL-FORCE (eV/Angst)
      3.88541      2.52361      9.63834         0.029157      0.007770      0.029601
      5.19513      2.32698     10.39906        -0.019304      0.003512     -0.021478
      3.07846      1.89654     10.04355        -0.006508      0.002051     -0.004305
      3.99916      2.25550      8.56989        -0.007213     -0.007858      0.000588
      3.54780      3.56939      9.67158        -0.000125     -0.002553     -0.001648
      6.01097      2.91567      9.95619         0.002951      0.010129     -0.004912
      5.50859      1.27347     10.39705         0.003833     -0.003363     -0.006935
      5.09480      2.64034     11.44796         0.003628     -0.007021      0.019723
 
=========PATH==========
/home/srr516/alkanes-Pt111/Pt-111/ethane/PES-exploration/higherEDIFF/correct/rotation/fromComet/rotation/33
=========ENERGY========
   1 F= -.19328658E+03 E0= -.19328950E+03  d E =-.193287E+03
=========Coordinates/Forces=========
 POSITION                                       TOTAL-FORCE (eV/Angst)
      3.88541      2.52361      9.63834         0.029121      0.008183      0.029754
      5.19836      2.34987     10.39906        -0.027537      0.005379     -0.017595
      3.08953      1.88255     10.04355        -0.006234      0.001825     -0.004458
      4.00382      2.25753      8.56989        -0.006786     -0.008065      0.000277
      3.52960      3.56334      9.67158         0.000291     -0.002548     -0.001766
      6.00381      2.95271      9.95619         0.003044      0.010032     -0.005073
      5.53016      1.30198     10.39705         0.004118     -0.003477     -0.006778
      5.09257      2.66143     11.44796         0.003725     -0.007052      0.019653
 
=========PATH==========
/home/srr516/alkanes-Pt111/Pt-111/ethane/PES-exploration/higherEDIFF/correct/rotation/fromComet/rotation/34
=========ENERGY========
   1 F= -.19328660E+03 E0= -.19328952E+03  d E =-.193287E+03
=========Coordinates/Forces=========
 POSITION                                       TOTAL-FORCE (eV/Angst)
      3.88541      2.52361      9.63834         0.028679      0.008884      0.029999
      5.20119      2.37281     10.39906        -0.022610     -0.002851     -0.016247
      3.10084      1.86876     10.04355        -0.006412      0.001984     -0.004623
      4.00845      2.25963      8.56989        -0.006811     -0.008060     -0.000076
      3.51150      3.55697      9.67158         0.000259     -0.002304     -0.001927
      5.99599      2.98961      9.95619         0.002934      0.010213     -0.005131
      5.55123      1.33088     10.39705         0.004050     -0.003073     -0.006852
      5.08999      2.68247     11.44796         0.003849     -0.006712      0.019669
 
=========PATH==========
/home/srr516/alkanes-Pt111/Pt-111/ethane/PES-exploration/higherEDIFF/correct/rotation/fromComet/rotation/35
=========ENERGY========
   1 F= -.19328645E+03 E0= -.19328937E+03  d E =-.193286E+03
=========Coordinates/Forces=========
 POSITION                                       TOTAL-FORCE (eV/Angst)
      3.88541      2.52361      9.63834         0.028292      0.009316      0.030241
      5.20362      2.39580     10.39906        -0.023723     -0.002010     -0.021107
      3.11238      1.85517     10.04355        -0.006410      0.001899     -0.004425
      4.01304      2.26182      8.56989        -0.006631     -0.008289     -0.000149
      3.49353      3.55029      9.67158         0.000267     -0.002264     -0.001930
      5.98754      3.02638      9.95619         0.002701      0.010428     -0.004985
      5.57180      1.36013     10.39705         0.004349     -0.003132     -0.007032
      5.08703      2.70347     11.44796         0.003928     -0.006801      0.019851
 
=========PATH==========
/home/srr516/alkanes-Pt111/Pt-111/ethane/PES-exploration/higherEDIFF/correct/rotation/fromComet/rotation/36
=========ENERGY========
   1 F= -.19328653E+03 E0= -.19328945E+03  d E =-.193287E+03
=========Coordinates/Forces=========
 POSITION                                       TOTAL-FORCE (eV/Angst)
      3.88541      2.52361      9.63834         0.027890      0.009584      0.030337
      5.20565      2.41882     10.39906        -0.020520      0.005163     -0.015546
      3.12417      1.84178     10.04355        -0.006441      0.001645     -0.004480
      4.01759      2.26409      8.56989        -0.006596     -0.008731     -0.000503
      3.47567      3.54329      9.67158         0.000288     -0.002714     -0.002202
      5.97844      3.06299      9.95619         0.002389      0.009813     -0.005070
      5.59185      1.38974     10.39705         0.004318     -0.003136     -0.007048
      5.08371      2.72442     11.44796         0.003936     -0.006958      0.019636
 
=========PATH==========
/home/srr516/alkanes-Pt111/Pt-111/ethane/PES-exploration/higherEDIFF/correct/rotation/fromComet/rotation/37
=========ENERGY========
   1 F= -.19328671E+03 E0= -.19328963E+03  d E =-.193287E+03
=========Coordinates/Forces=========
 POSITION                                       TOTAL-FORCE (eV/Angst)
      3.88541      2.52361      9.63834         0.027676      0.009946      0.030462
      5.20728      2.44188     10.39906        -0.023256      0.008214     -0.011149
      3.13618      1.82860     10.04355        -0.006482      0.001468     -0.004452
      4.02210      2.26643      8.56989        -0.006361     -0.008990     -0.000827
      3.45793      3.53599      9.67158         0.000543     -0.002942     -0.002441
      5.96871      3.09943      9.95619         0.002204      0.010136     -0.005215
      5.61137      1.41969     10.39705         0.004393     -0.003222     -0.007021
      5.08002      2.74530     11.44796         0.004203     -0.007123      0.019543
 
=========PATH==========
/home/srr516/alkanes-Pt111/Pt-111/ethane/PES-exploration/higherEDIFF/correct/rotation/fromComet/rotation/38
=========ENERGY========
   1 F= -.19328694E+03 E0= -.19328986E+03  d E =-.193287E+03
=========Coordinates/Forces=========
 POSITION                                       TOTAL-FORCE (eV/Angst)
      3.88541      2.52361      9.63834         0.027308      0.010530      0.030642
      5.20851      2.46496     10.39906        -0.021059      0.003996     -0.008625
      3.14843      1.81563     10.04355        -0.006557      0.001480     -0.004636
      4.02656      2.26886      8.56989        -0.006276     -0.009030     -0.001061
      3.44033      3.52837      9.67158         0.000292     -0.002812     -0.002552
      5.95835      3.13570      9.95619         0.001955      0.009990     -0.005168
      5.63038      1.44998     10.39705         0.004387     -0.002791     -0.007286
      5.07597      2.76611     11.44796         0.004352     -0.006870      0.019441
 
=========PATH==========
/home/srr516/alkanes-Pt111/Pt-111/ethane/PES-exploration/higherEDIFF/correct/rotation/fromComet/rotation/39
=========ENERGY========
   1 F= -.19328691E+03 E0= -.19328983E+03  d E =-.193287E+03
=========Coordinates/Forces=========
 POSITION                                       TOTAL-FORCE (eV/Angst)
      3.88541      2.52361      9.63834         0.027036      0.011356      0.030915
      5.20933      2.48806     10.39906        -0.022461     -0.008815     -0.009626
      3.16089      1.80287     10.04355        -0.006358      0.001868     -0.004579
      4.03099      2.27136      8.56989        -0.006064     -0.008839     -0.001231
      3.42286      3.52045      9.67158         0.000298     -0.002295     -0.002520
      5.94735      3.17179      9.95619         0.002037      0.010331     -0.005177
      5.64885      1.48060     10.39705         0.004567     -0.002520     -0.007317
      5.07156      2.78685     11.44796         0.004246     -0.006166      0.019454
 
=========PATH==========
/home/srr516/alkanes-Pt111/Pt-111/ethane/PES-exploration/higherEDIFF/correct/rotation/fromComet/rotation/40
=========ENERGY========
   1 F= -.19328673E+03 E0= -.19328965E+03  d E =-.193287E+03
=========Coordinates/Forces=========
 POSITION                                       TOTAL-FORCE (eV/Angst)
      3.88541      2.52361      9.63834         0.026722      0.011701      0.031226
      5.20975      2.51117     10.39906        -0.022455     -0.004798     -0.012109
      3.17358      1.79034     10.04355        -0.006495      0.001775     -0.004556
      4.03537      2.27394      8.56989        -0.005917     -0.009177     -0.001245
      3.40554      3.51223      9.67158         0.000425     -0.002683     -0.002606
      5.93572      3.20767      9.95619         0.001871      0.010412     -0.005126
      5.66678      1.51153     10.39705         0.004742     -0.002550     -0.007164
      5.06678      2.80752     11.44796         0.004349     -0.006331      0.019421
 
=========PATH==========
/home/srr516/alkanes-Pt111/Pt-111/ethane/PES-exploration/higherEDIFF/correct/rotation/fromComet/rotation/41
=========ENERGY========
   1 F= -.19328663E+03 E0= -.19328955E+03  d E =-.193287E+03
=========Coordinates/Forces=========
 POSITION                                       TOTAL-FORCE (eV/Angst)
      3.88541      2.52361      9.63834         0.026311      0.012094      0.031489
      5.20976      2.53429     10.39906        -0.019189     -0.002568     -0.013800
      3.18649      1.77803     10.04355        -0.006679      0.001541     -0.004542
      4.03970      2.27659      8.56989        -0.005778     -0.009379     -0.001325
      3.38836      3.50370      9.67158         0.000258     -0.002765     -0.002704
      5.92347      3.24335      9.95619         0.001386      0.010184     -0.005031
      5.68418      1.54278     10.39705         0.004577     -0.002503     -0.007027
      5.06165      2.82809     11.44796         0.004363     -0.006599      0.019560
 
=========PATH==========
/home/srr516/alkanes-Pt111/Pt-111/ethane/PES-exploration/higherEDIFF/correct/rotation/fromComet/rotation/42
=========ENERGY========
   1 F= -.19328659E+03 E0= -.19328951E+03  d E =-.193287E+03
=========Coordinates/Forces=========
 POSITION                                       TOTAL-FORCE (eV/Angst)
      3.88541      2.52361      9.63834         0.026009      0.012439      0.031878
      5.20938      2.55740     10.39906        -0.019832      0.000790     -0.019436
      3.19961      1.76594     10.04355        -0.006618      0.001288     -0.004417
      4.04399      2.27932      8.56989        -0.005682     -0.009642     -0.001342
      3.37133      3.49488      9.67158         0.000203     -0.002980     -0.002563
      5.91060      3.27881      9.95619         0.001249      0.009955     -0.004845
      5.70102      1.57432     10.39705         0.004697     -0.002461     -0.007037
      5.05615      2.84857     11.44796         0.004294     -0.006430      0.019856
 
=========PATH==========
/home/srr516/alkanes-Pt111/Pt-111/ethane/PES-exploration/higherEDIFF/correct/rotation/fromComet/rotation/43
=========ENERGY========
   1 F= -.19328675E+03 E0= -.19328967E+03  d E =-.193287E+03
=========Coordinates/Forces=========
 POSITION                                       TOTAL-FORCE (eV/Angst)
      3.88541      2.52361      9.63834         0.025648      0.012805      0.032039
      5.20858      2.58050     10.39906        -0.019685      0.003263     -0.018098
      3.21294      1.75409     10.04355        -0.006557      0.000959     -0.004329
      4.04823      2.28213      8.56989        -0.005444     -0.009771     -0.001535
      3.35445      3.48576      9.67158         0.000264     -0.002798     -0.002571
      5.89711      3.31404      9.95619         0.000837      0.009879     -0.005035
      5.71731      1.60615     10.39705         0.004685     -0.002574     -0.006922
      5.05030      2.86895     11.44796         0.004348     -0.006401      0.019711
 
=========PATH==========
/home/srr516/alkanes-Pt111/Pt-111/ethane/PES-exploration/higherEDIFF/correct/rotation/fromComet/rotation/44
=========ENERGY========
   1 F= -.19328672E+03 E0= -.19328964E+03  d E =-.193287E+03
=========Coordinates/Forces=========
 POSITION                                       TOTAL-FORCE (eV/Angst)
      3.88541      2.52361      9.63834         0.025576      0.013639      0.032329
      5.20739      2.60358     10.39906        -0.024013     -0.009877     -0.015335
      3.22647      1.74247     10.04355        -0.006530      0.001316     -0.004387
      4.05242      2.28501      8.56989        -0.005201     -0.009501     -0.001684
      3.33774      3.47635      9.67158         0.000497     -0.002573     -0.002808
      5.88301      3.34903      9.95619         0.000773      0.010396     -0.005104
      5.73304      1.63826     10.39705         0.004970     -0.001977     -0.006907
      5.04410      2.88923     11.44796         0.004863     -0.005955      0.019582
 
=========PATH==========
/home/srr516/alkanes-Pt111/Pt-111/ethane/PES-exploration/higherEDIFF/correct/rotation/fromComet/rotation/45
=========ENERGY========
   1 F= -.19328664E+03 E0= -.19328956E+03  d E =-.193287E+03
=========Coordinates/Forces=========
 POSITION                                       TOTAL-FORCE (eV/Angst)
      3.88541      2.52361      9.63834         0.024971      0.013829      0.032428
      5.20579      2.62664     10.39906        -0.020494     -0.002331     -0.018193
      3.24020      1.73109     10.04355        -0.006599      0.001020     -0.004386
      4.05656      2.28796      8.56989        -0.005177     -0.009965     -0.001786
      3.32120      3.46664      9.67158         0.000416     -0.002768     -0.002823
      5.86830      3.38377      9.95619         0.000587      0.010118     -0.004936
      5.74821      1.67064     10.39705         0.004949     -0.002011     -0.006858
      5.03754      2.90940     11.44796         0.004892     -0.006129      0.019690
 
=========PATH==========
/home/srr516/alkanes-Pt111/Pt-111/ethane/PES-exploration/higherEDIFF/correct/rotation/fromComet/rotation/46
=========ENERGY========
   1 F= -.19328677E+03 E0= -.19328968E+03  d E =-.193287E+03
=========Coordinates/Forces=========
 POSITION                                       TOTAL-FORCE (eV/Angst)
      3.88541      2.52361      9.63834         0.024743      0.014043      0.032673
      5.20379      2.64967     10.39906        -0.020594      0.005989     -0.014278
      3.25413      1.71995     10.04355        -0.006541      0.000742     -0.004422
      4.06064      2.29098      8.56989        -0.005032     -0.010398     -0.002032
      3.30483      3.45665      9.67158         0.000478     -0.003020     -0.002943
      5.85299      3.41824      9.95619         0.000552      0.009779     -0.005121
      5.76282      1.70328     10.39705         0.005055     -0.002202     -0.007048
      5.03063      2.92945     11.44796         0.004743     -0.006463      0.019653
 
=========PATH==========
/home/srr516/alkanes-Pt111/Pt-111/ethane/PES-exploration/higherEDIFF/correct/rotation/fromComet/rotation/47
=========ENERGY========
   1 F= -.19328699E+03 E0= -.19328990E+03  d E =-.193287E+03
=========Coordinates/Forces=========
 POSITION                                       TOTAL-FORCE (eV/Angst)
      3.88541      2.52361      9.63834         0.024474      0.014370      0.032696
      5.20139      2.67266     10.39906        -0.024023      0.009072     -0.009276
      3.26825      1.70905     10.04355        -0.006453      0.000437     -0.004439
      4.06468      2.29407      8.56989        -0.004700     -0.010622     -0.002385
      3.28863      3.44638      9.67158         0.000689     -0.003105     -0.003175
      5.83707      3.45245      9.95619         0.000347      0.009798     -0.005162
      5.77685      1.73617     10.39705         0.005092     -0.002132     -0.007106
      5.02338      2.94937     11.44796         0.005086     -0.006494      0.019553
 
=========PATH==========
/home/srr516/alkanes-Pt111/Pt-111/ethane/PES-exploration/higherEDIFF/correct/rotation/fromComet/rotation/48
=========ENERGY========
   1 F= -.19328712E+03 E0= -.19329003E+03  d E =-.193287E+03
=========Coordinates/Forces=========
 POSITION                                       TOTAL-FORCE (eV/Angst)
      3.88541      2.52361      9.63834         0.023984      0.015358      0.032822
      5.19859      2.69561     10.39906        -0.020982     -0.010637     -0.008017
      3.28256      1.69841     10.04355        -0.006443      0.000950     -0.004332
      4.06866      2.29724      8.56989        -0.004612     -0.010218     -0.002639
      3.27262      3.43582      9.67158         0.000705     -0.002640     -0.003262
      5.82056      3.48636      9.95619         0.000234      0.010407     -0.005323
      5.79030      1.76930     10.39705         0.005114     -0.001472     -0.007064
      5.01577      2.96917     11.44796         0.005120     -0.005596      0.019408
 
=========PATH==========
/home/srr516/alkanes-Pt111/Pt-111/ethane/PES-exploration/higherEDIFF/correct/rotation/fromComet/rotation/49
=========ENERGY========
   1 F= -.19328714E+03 E0= -.19329006E+03  d E =-.193287E+03
=========Coordinates/Forces=========
 POSITION                                       TOTAL-FORCE (eV/Angst)
      3.88541      2.52361      9.63834         0.023620      0.015746      0.033198
      5.19539      2.71850     10.39906        -0.021733     -0.010646     -0.015373
      3.29706      1.68801     10.04355        -0.006330      0.000860     -0.003924
      4.07258      2.30047      8.56989        -0.004368     -0.010318     -0.002528
      3.25679      3.42499      9.67158         0.000725     -0.002734     -0.003143
      5.80347      3.51999      9.95619         0.000028      0.010373     -0.005064
      5.80318      1.80266     10.39705         0.005097     -0.001421     -0.007000
      5.00782      2.98883     11.44796         0.005152     -0.005411      0.019657
 
=========PATH==========
/home/srr516/alkanes-Pt111/Pt-111/ethane/PES-exploration/higherEDIFF/correct/rotation/fromComet/rotation/50
=========ENERGY========
   1 F= -.19328692E+03 E0= -.19328984E+03  d E =-.193287E+03
=========Coordinates/Forces=========
 POSITION                                       TOTAL-FORCE (eV/Angst)
      3.88541      2.52361      9.63834         0.023333      0.016097      0.033288
      5.19179      2.74133     10.39906        -0.025608     -0.009824     -0.014102
      3.31173      1.67787     10.04355        -0.006303      0.000872     -0.003873
      4.07644      2.30377      8.56989        -0.004046     -0.010437     -0.002668
      3.24116      3.41388      9.67158         0.000730     -0.002790     -0.003246
      5.78579      3.55331      9.95619         0.000018      0.010315     -0.005021
      5.81547      1.83624     10.39705         0.005379     -0.001317     -0.007074
      4.99953      3.00834     11.44796         0.005268     -0.005578      0.019589
 
=========PATH==========
/home/srr516/alkanes-Pt111/Pt-111/ethane/PES-exploration/higherEDIFF/correct/rotation/fromComet/rotation/51
=========ENERGY========
   1 F= -.19328681E+03 E0= -.19328972E+03  d E =-.193287E+03
=========Coordinates/Forces=========
 POSITION                                       TOTAL-FORCE (eV/Angst)
      3.88541      2.52361      9.63834         0.022871      0.016469      0.033516
      5.18779      2.76410     10.39906        -0.023979     -0.009383     -0.017849
      3.32658      1.66799     10.04355        -0.006452      0.000653     -0.003817
      4.08025      2.30714      8.56989        -0.003932     -0.010687     -0.002660
      3.22572      3.40250      9.67158         0.000759     -0.002653     -0.003177
      5.76753      3.58632      9.95619        -0.000242      0.010612     -0.005094
      5.82717      1.87003     10.39705         0.005336     -0.001531     -0.006850
      4.99090      3.02771     11.44796         0.005223     -0.005482      0.019671
 
=========PATH==========
/home/srr516/alkanes-Pt111/Pt-111/ethane/PES-exploration/higherEDIFF/correct/rotation/fromComet/rotation/52
=========ENERGY========
   1 F= -.19328685E+03 E0= -.19328976E+03  d E =-.193287E+03
=========Coordinates/Forces=========
 POSITION                                       TOTAL-FORCE (eV/Angst)
      3.88541      2.52361      9.63834         0.022395      0.016600      0.033593
      5.18339      2.78679     10.39906        -0.023190     -0.001275     -0.016810
      3.34159      1.65836     10.04355        -0.006321      0.000228     -0.003857
      4.08400      2.31057      8.56989        -0.003759     -0.010954     -0.002778
      3.21048      3.39085      9.67158         0.000774     -0.003099     -0.003280
      5.74869      3.61901      9.95619        -0.000528      0.010050     -0.005065
      5.83828      1.90402     10.39705         0.005432     -0.001378     -0.006913
      4.98194      3.04693     11.44796         0.005412     -0.005675      0.019681
 
=========PATH==========
/home/srr516/alkanes-Pt111/Pt-111/ethane/PES-exploration/higherEDIFF/correct/rotation/fromComet/rotation/53
=========ENERGY========
   1 F= -.19328702E+03 E0= -.19328994E+03  d E =-.193287E+03
=========Coordinates/Forces=========
 POSITION                                       TOTAL-FORCE (eV/Angst)
      3.88541      2.52361      9.63834         0.022015      0.017038      0.033561
      5.17860      2.80940     10.39906        -0.024965     -0.004258     -0.011695
      3.35678      1.64900     10.04355        -0.006311      0.000142     -0.004107
      4.08769      2.31407      8.56989        -0.003403     -0.011020     -0.003030
      3.19544      3.37894      9.67158         0.000722     -0.002966     -0.003423
      5.72929      3.65136      9.95619        -0.000465      0.010230     -0.005314
      5.84879      1.93819     10.39705         0.005423     -0.001304     -0.006918
      4.97264      3.06599     11.44796         0.005631     -0.005474      0.019602
 
=========PATH==========
/home/srr516/alkanes-Pt111/Pt-111/ethane/PES-exploration/higherEDIFF/correct/rotation/fromComet/rotation/54
=========ENERGY========
   1 F= -.19328700E+03 E0= -.19328991E+03  d E =-.193287E+03
=========Coordinates/Forces=========
 POSITION                                       TOTAL-FORCE (eV/Angst)
      3.88541      2.52361      9.63834         0.021623      0.017611      0.033715
      5.17342      2.83193     10.39906        -0.026163     -0.013157     -0.012214
      3.37212      1.63991     10.04355        -0.006253      0.000222     -0.004146
      4.09131      2.31763      8.56989        -0.003150     -0.010800     -0.003105
      3.18062      3.36677      9.67158         0.000905     -0.002382     -0.003430
      5.70933      3.68337      9.95619        -0.000852      0.010683     -0.005222
      5.85871      1.97255     10.39705         0.005633     -0.000998     -0.007075
      4.96301      3.08488     11.44796         0.005712     -0.004976      0.019514
 
=========PATH==========
/home/srr516/alkanes-Pt111/Pt-111/ethane/PES-exploration/higherEDIFF/correct/rotation/fromComet/rotation/55
=========ENERGY========
   1 F= -.19328704E+03 E0= -.19328995E+03  d E =-.193287E+03
=========Coordinates/Forces=========
 POSITION                                       TOTAL-FORCE (eV/Angst)
      3.88541      2.52361      9.63834         0.021232      0.017656      0.034003
      5.16784      2.85436     10.39906        -0.028144     -0.003336     -0.017760
      3.38762      1.63109     10.04355        -0.006092     -0.000153     -0.003801
      4.09488      2.32126      8.56989        -0.002879     -0.011258     -0.003044
      3.16601      3.35434      9.67158         0.000825     -0.002613     -0.003429
      5.68881      3.71502      9.95619        -0.000888      0.010212     -0.005172
      5.86803      2.00707     10.39705         0.005623     -0.000982     -0.006948
      4.95305      3.10360     11.44796         0.005781     -0.005228      0.019709
 
=========PATH==========
/home/srr516/alkanes-Pt111/Pt-111/ethane/PES-exploration/higherEDIFF/correct/rotation/fromComet/rotation/56
=========ENERGY========
   1 F= -.19328708E+03 E0= -.19328999E+03  d E =-.193287E+03
=========Coordinates/Forces=========
 POSITION                                       TOTAL-FORCE (eV/Angst)
      3.88541      2.52361      9.63834         0.020431      0.018153      0.034049
      5.16187      2.87669     10.39906        -0.016539     -0.009829     -0.015282
      3.40328      1.62254     10.04355        -0.006431     -0.000034     -0.003684
      4.09838      2.32494      8.56989        -0.003007     -0.011238     -0.003217
      3.15163      3.34166      9.67158         0.000604     -0.002593     -0.003577
      5.66774      3.74632      9.95619        -0.001448      0.010443     -0.005366
      5.87674      2.04175     10.39705         0.005265     -0.000849     -0.006998
      4.94276      3.12215     11.44796         0.005324     -0.005072      0.019634
 
=========PATH==========
/home/srr516/alkanes-Pt111/Pt-111/ethane/PES-exploration/higherEDIFF/correct/rotation/fromComet/rotation/57
=========ENERGY========
   1 F= -.19328702E+03 E0= -.19328993E+03  d E =-.193287E+03
=========Coordinates/Forces=========
 POSITION                                       TOTAL-FORCE (eV/Angst)
      3.88541      2.52361      9.63834         0.019800      0.018296      0.034105
      5.15552      2.89891     10.39906        -0.011566     -0.005833     -0.014061
      3.41908      1.61426     10.04355        -0.006660     -0.000231     -0.003786
      4.10181      2.32869      8.56989        -0.002944     -0.011473     -0.003329
      3.13746      3.32873      9.67158         0.000702     -0.002530     -0.003603
      5.64613      3.77724      9.95619        -0.001859      0.010283     -0.005281
      5.88485      2.07658     10.39705         0.005145     -0.001023     -0.007108
      4.93215      3.14051     11.44796         0.005359     -0.005060      0.019540
 
=========PATH==========
/home/srr516/alkanes-Pt111/Pt-111/ethane/PES-exploration/higherEDIFF/correct/rotation/fromComet/rotation/58
=========ENERGY========
   1 F= -.19328710E+03 E0= -.19329001E+03  d E =-.193287E+03
=========Coordinates/Forces=========
 POSITION                                       TOTAL-FORCE (eV/Angst)
      3.88541      2.52361      9.63834         0.019435      0.018471      0.033994
      5.14877      2.92102     10.39906        -0.019630     -0.005601     -0.012569
      3.43502      1.60626     10.04355        -0.006343     -0.000386     -0.003904
      4.10518      2.33250      8.56989        -0.002532     -0.011603     -0.003490
      3.12352      3.31555      9.67158         0.001023     -0.002390     -0.003734
      5.62398      3.80777      9.95619        -0.001862      0.010363     -0.005406
      5.89235      2.11154     10.39705         0.005453     -0.000828     -0.007207
      4.92123      3.15868     11.44796         0.005697     -0.004988      0.019461
 
=========PATH==========
/home/srr516/alkanes-Pt111/Pt-111/ethane/PES-exploration/higherEDIFF/correct/rotation/fromComet/rotation/59
=========ENERGY========
   1 F= -.19328707E+03 E0= -.19328998E+03  d E =-.193287E+03
=========Coordinates/Forces=========
 POSITION                                       TOTAL-FORCE (eV/Angst)
      3.88541      2.52361      9.63834         0.019144      0.019089      0.034339
      5.14165      2.94301     10.39906        -0.020124     -0.015145     -0.015660
      3.45110      1.59854     10.04355        -0.006226     -0.000234     -0.003705
      4.10848      2.33636      8.56989        -0.002312     -0.011436     -0.003444
      3.10982      3.30213      9.67158         0.000860     -0.002282     -0.003619
      5.60131      3.83792      9.95619        -0.002059      0.010452     -0.005160
      5.89923      2.14663     10.39705         0.005508     -0.000584     -0.007231
      4.90999      3.17666     11.44796         0.005892     -0.004646      0.019568
 
=========PATH==========
/home/srr516/alkanes-Pt111/Pt-111/ethane/PES-exploration/higherEDIFF/correct/rotation/fromComet/rotation/60
=========ENERGY========
   1 F= -.19328704E+03 E0= -.19328995E+03  d E =-.193287E+03
=========Coordinates/Forces=========
 POSITION                                       TOTAL-FORCE (eV/Angst)
      3.88541      2.52361      9.63834         0.018694      0.019207      0.034602
      5.13413      2.96487     10.39906        -0.020785     -0.010699     -0.021903
      3.46731      1.59110     10.04355        -0.006184     -0.000484     -0.003356
      4.11172      2.34028      8.56989        -0.002086     -0.011694     -0.003348
      3.09635      3.28848      9.67158         0.000922     -0.002615     -0.003554
      5.57811      3.86767      9.95619        -0.002214      0.010299     -0.005201
      5.90550      2.18183     10.39705         0.005509     -0.000573     -0.006863
      4.89843      3.19444     11.44796         0.005992     -0.004499      0.019814
 
