=========PATH==========
/home/srr516/alkanes-Pt111/Pt-111/methane/PES-exploration/highEDIFF/correct/second-part/1
=========ENERGY========
   1 F= -.17680433E+03 E0= -.17680730E+03  d E =-.176804E+03
=========Coordinates/Forces=========
 POSITION                                       TOTAL-FORCE (eV/Angst)
      4.06116      2.42595      9.72516        -0.010147      0.014575      0.025659
      4.76656      1.78522     10.26428         0.034986     -0.011752      0.026671
      3.05749      2.31402     10.15017        -0.015699     -0.002274     -0.009852
      4.04378      2.12562      8.66565        -0.021470     -0.013042     -0.005284
      4.37815      3.47225      9.79236         0.012527      0.014824      0.025055
 
=========PATH==========
/home/srr516/alkanes-Pt111/Pt-111/methane/PES-exploration/highEDIFF/correct/second-part/2
=========ENERGY========
   1 F= -.17680411E+03 E0= -.17680707E+03  d E =-.176804E+03
=========Coordinates/Forces=========
 POSITION                                       TOTAL-FORCE (eV/Angst)
      4.26116      2.42595      9.72516        -0.016525      0.018769      0.024242
      4.96656      1.78522     10.26428         0.035268     -0.013254      0.025762
      3.25749      2.31402     10.15017        -0.013903     -0.001644     -0.007336
      4.24378      2.12562      8.66565        -0.021306     -0.012509     -0.003123
      4.57815      3.47225      9.79236         0.012760      0.015125      0.023994
 
=========PATH==========
/home/srr516/alkanes-Pt111/Pt-111/methane/PES-exploration/highEDIFF/correct/second-part/3
=========ENERGY========
   1 F= -.17680333E+03 E0= -.17680629E+03  d E =-.176803E+03
=========Coordinates/Forces=========
 POSITION                                       TOTAL-FORCE (eV/Angst)
      4.26116      2.32595      9.72516        -0.023542      0.018075      0.013649
      4.96656      1.68522     10.26428         0.035920     -0.012986      0.026355
      3.25749      2.21402     10.15017        -0.013594     -0.001316     -0.006628
      4.24378      2.02562      8.66565        -0.021134     -0.011319      0.003455
      4.57815      3.37225      9.79236         0.012821      0.015013      0.026445
 
=========PATH==========
/home/srr516/alkanes-Pt111/Pt-111/methane/PES-exploration/highEDIFF/correct/second-part/4
=========ENERGY========
   1 F= -.17680263E+03 E0= -.17680559E+03  d E =-.176803E+03
=========Coordinates/Forces=========
 POSITION                                       TOTAL-FORCE (eV/Angst)
      4.26116      2.22595      9.72516        -0.007474      0.019141      0.005485
      4.96656      1.58522     10.26428         0.035640     -0.012534      0.026940
      3.25749      2.11402     10.15017        -0.014060     -0.000764     -0.005870
      4.24378      1.92562      8.66565        -0.021389     -0.009968      0.011404
      4.57815      3.27225      9.79236         0.012478      0.014956      0.028563
 
=========PATH==========
/home/srr516/alkanes-Pt111/Pt-111/methane/PES-exploration/highEDIFF/correct/second-part/5
=========ENERGY========
   1 F= -.17680293E+03 E0= -.17680589E+03  d E =-.176803E+03
=========Coordinates/Forces=========
 POSITION                                       TOTAL-FORCE (eV/Angst)
      4.46116      2.42595      9.72516        -0.026521      0.010714      0.011849
      5.16656      1.78522     10.26428         0.035323     -0.013895      0.026842
      3.45749      2.31402     10.15017        -0.012155     -0.000686     -0.003502
      4.44378      2.12562      8.66565        -0.020840     -0.009956      0.005822
      4.77815      3.47225      9.79236         0.012684      0.015921      0.023735
 
=========PATH==========
/home/srr516/alkanes-Pt111/Pt-111/methane/PES-exploration/highEDIFF/correct/second-part/6
=========ENERGY========
   1 F= -.17680245E+03 E0= -.17680541E+03  d E =-.176802E+03
=========Coordinates/Forces=========
 POSITION                                       TOTAL-FORCE (eV/Angst)
      4.46116      2.32595      9.72516        -0.016558      0.021127      0.004720
      5.16656      1.68522     10.26428         0.035363     -0.013908      0.027242
      3.45749      2.21402     10.15017        -0.012310     -0.000700     -0.003081
      4.44378      2.02562      8.66565        -0.020915     -0.009153      0.011862
      4.77815      3.37225      9.79236         0.012632      0.015527      0.025911
 
=========PATH==========
/home/srr516/alkanes-Pt111/Pt-111/methane/PES-exploration/highEDIFF/correct/second-part/7
=========ENERGY========
   1 F= -.17680150E+03 E0= -.17680446E+03  d E =-.176801E+03
=========Coordinates/Forces=========
 POSITION                                       TOTAL-FORCE (eV/Angst)
      4.46116      2.22595      9.72516        -0.031421      0.019162     -0.010503
      5.16656      1.58522     10.26428         0.036108     -0.013397      0.028224
      3.45749      2.11402     10.15017        -0.011700     -0.000467     -0.002141
      4.44378      1.92562      8.66565        -0.020449     -0.007805      0.019112
      4.77815      3.27225      9.79236         0.013177      0.015510      0.028083
 
=========PATH==========
/home/srr516/alkanes-Pt111/Pt-111/methane/PES-exploration/highEDIFF/correct/second-part/8
=========ENERGY========
   1 F= -.17680093E+03 E0= -.17680389E+03  d E =-.176801E+03
=========Coordinates/Forces=========
 POSITION                                       TOTAL-FORCE (eV/Angst)
      4.46116      2.12595      9.72516        -0.011803      0.017271     -0.013234
      5.16656      1.48522     10.26428         0.035676     -0.012636      0.029216
      3.45749      2.01402     10.15017        -0.012510     -0.000198     -0.001561
      4.44378      1.82562      8.66565        -0.020637     -0.006366      0.026737
      4.77815      3.17225      9.79236         0.012741      0.015703      0.029867
 
=========PATH==========
/home/srr516/alkanes-Pt111/Pt-111/methane/PES-exploration/highEDIFF/correct/second-part/9
=========ENERGY========
   1 F= -.17679991E+03 E0= -.17680288E+03  d E =-.176800E+03
=========Coordinates/Forces=========
 POSITION                                       TOTAL-FORCE (eV/Angst)
      4.46116      2.02595      9.72516        -0.028246      0.009988     -0.020789
      5.16656      1.38522     10.26428         0.036298     -0.011660      0.030371
      3.45749      1.91402     10.15017        -0.012101      0.000323     -0.000690
      4.44378      1.72562      8.66565        -0.020160     -0.004905      0.034701
      4.77815      3.07225      9.79236         0.013361      0.016348      0.031528
 
=========PATH==========
/home/srr516/alkanes-Pt111/Pt-111/methane/PES-exploration/highEDIFF/correct/second-part/10
=========ENERGY========
   1 F= -.17680128E+03 E0= -.17680425E+03  d E =-.176801E+03
=========Coordinates/Forces=========
 POSITION                                       TOTAL-FORCE (eV/Angst)
      4.66116      2.42595      9.72516        -0.031100      0.016001     -0.003465
      5.36656      1.78522     10.26428         0.034769     -0.014230      0.029220
      3.65749      2.31402     10.15017        -0.010722     -0.000221      0.000523
      4.64378      2.12562      8.66565        -0.019943     -0.006458      0.020030
      4.97815      3.47225      9.79236         0.012926      0.016617      0.024218
 
=========PATH==========
/home/srr516/alkanes-Pt111/Pt-111/methane/PES-exploration/highEDIFF/correct/second-part/11
=========ENERGY========
   1 F= -.17680056E+03 E0= -.17680353E+03  d E =-.176801E+03
=========Coordinates/Forces=========
 POSITION                                       TOTAL-FORCE (eV/Angst)
      4.66116      2.32595      9.72516        -0.031455      0.006803     -0.013181
      5.36656      1.68522     10.26428         0.035061     -0.013610      0.029648
      3.65749      2.21402     10.15017        -0.010760      0.000233      0.001011
      4.64378      2.02562      8.66565        -0.020065     -0.005207      0.025272
      4.97815      3.37225      9.79236         0.013028      0.016771      0.026065
 
=========PATH==========
/home/srr516/alkanes-Pt111/Pt-111/methane/PES-exploration/highEDIFF/correct/second-part/12
=========ENERGY========
   1 F= -.17680021E+03 E0= -.17680318E+03  d E =-.176800E+03
=========Coordinates/Forces=========
 POSITION                                       TOTAL-FORCE (eV/Angst)
      4.66116      2.22595      9.72516        -0.020888      0.010957     -0.015045
      5.36656      1.58522     10.26428         0.034962     -0.013248      0.030351
      3.65749      2.11402     10.15017        -0.011149      0.000208      0.001316
      4.64378      1.92562      8.66565        -0.019970     -0.004305      0.031008
      4.97815      3.27225      9.79236         0.012966      0.016510      0.027601
 
=========PATH==========
/home/srr516/alkanes-Pt111/Pt-111/methane/PES-exploration/highEDIFF/correct/second-part/13
=========ENERGY========
   1 F= -.17679931E+03 E0= -.17680228E+03  d E =-.176799E+03
=========Coordinates/Forces=========
 POSITION                                       TOTAL-FORCE (eV/Angst)
      4.66116      2.12595      9.72516        -0.030395      0.015650     -0.023749
      5.36656      1.48522     10.26428         0.035312     -0.012874      0.031344
      3.65749      2.01402     10.15017        -0.011007      0.000125      0.001873
      4.64378      1.82562      8.66565        -0.019765     -0.003312      0.037357
      4.97815      3.17225      9.79236         0.013272      0.016311      0.029264
 
=========PATH==========
/home/srr516/alkanes-Pt111/Pt-111/methane/PES-exploration/highEDIFF/correct/second-part/14
=========ENERGY========
   1 F= -.17679883E+03 E0= -.17680180E+03  d E =-.176799E+03
=========Coordinates/Forces=========
 POSITION                                       TOTAL-FORCE (eV/Angst)
      4.66116      2.02595      9.72516        -0.022682      0.003690     -0.036265
      5.36656      1.38522     10.26428         0.035118     -0.011546      0.032895
      3.65749      1.91402     10.15017        -0.011308      0.000521      0.002611
      4.64378      1.72562      8.66565        -0.019758     -0.001955      0.044174
      4.97815      3.07225      9.79236         0.013531      0.017202      0.030874
 
=========PATH==========
/home/srr516/alkanes-Pt111/Pt-111/methane/PES-exploration/highEDIFF/correct/second-part/15
=========ENERGY========
  11 F= -.17679973E+03 E0= -.17680271E+03  d E =-.654002E-03
=========Coordinates/Forces=========
 POSITION                                       TOTAL-FORCE (eV/Angst)
      4.66116      1.92595      9.74011        -0.038772      0.016358     -0.013877
      5.36656      1.28522     10.27813         0.042025     -0.027131      0.047419
      3.65749      1.81402     10.16615        -0.001226     -0.006186     -0.003078
      4.64378      1.62562      8.68131        -0.019292      0.015688      0.036196
      4.97815      2.97225      9.81371         0.010800      0.006570      0.006301
 
=========PATH==========
/home/srr516/alkanes-Pt111/Pt-111/methane/PES-exploration/highEDIFF/correct/second-part/16
=========ENERGY========
  10 F= -.17679939E+03 E0= -.17680239E+03  d E =-.824115E-03
=========Coordinates/Forces=========
 POSITION                                       TOTAL-FORCE (eV/Angst)
      4.66116      1.82595      9.73822         0.016573     -0.006879      0.009883
      5.36656      1.18522     10.27964         0.006637      0.000045      0.014065
      3.65749      1.71402     10.16165        -0.030304     -0.007391      0.016695
      4.64378      1.52562      8.67980        -0.005707      0.011749      0.032597
      4.97815      2.87225      9.81280         0.008727      0.005397      0.002694
 
=========PATH==========
/home/srr516/alkanes-Pt111/Pt-111/methane/PES-exploration/highEDIFF/correct/second-part/17
=========ENERGY========
   1 F= -.17679911E+03 E0= -.17680209E+03  d E =-.176799E+03
=========Coordinates/Forces=========
 POSITION                                       TOTAL-FORCE (eV/Angst)
      4.86116      2.42595      9.72516        -0.031592     -0.001744     -0.020269
      5.56656      1.78522     10.26428         0.033705     -0.013052      0.032450
      3.85749      2.31402     10.15017        -0.010154      0.000731      0.004150
      4.84378      2.12562      8.66565        -0.019595     -0.001663      0.036524
      5.17815      3.47225      9.79236         0.012769      0.018154      0.025153
 
=========PATH==========
/home/srr516/alkanes-Pt111/Pt-111/methane/PES-exploration/highEDIFF/correct/second-part/18
=========ENERGY========
   1 F= -.17679888E+03 E0= -.17680186E+03  d E =-.176799E+03
=========Coordinates/Forces=========
 POSITION                                       TOTAL-FORCE (eV/Angst)
      4.86116      2.32595      9.72516        -0.030874      0.005148     -0.026745
      5.56656      1.68522     10.26428         0.033999     -0.012935      0.032830
      3.85749      2.21402     10.15017        -0.010216      0.000534      0.004432
      4.84378      2.02562      8.66565        -0.019319     -0.001161      0.040611
      5.17815      3.37225      9.79236         0.013022      0.017582      0.026650
 
=========PATH==========
/home/srr516/alkanes-Pt111/Pt-111/methane/PES-exploration/highEDIFF/correct/second-part/19
=========ENERGY========
   1 F= -.17679812E+03 E0= -.17680109E+03  d E =-.176798E+03
=========Coordinates/Forces=========
 POSITION                                       TOTAL-FORCE (eV/Angst)
      4.86116      2.22595      9.72516        -0.029252      0.005507     -0.036187
      5.56656      1.58522     10.26428         0.034006     -0.012570      0.033635
      3.85749      2.11402     10.15017        -0.010320      0.000524      0.004908
      4.84378      1.92562      8.66565        -0.019466     -0.000475      0.045363
      5.17815      3.27225      9.79236         0.013138      0.017424      0.028093
 
=========PATH==========
/home/srr516/alkanes-Pt111/Pt-111/methane/PES-exploration/highEDIFF/correct/second-part/20
=========ENERGY========
  10 F= -.17679988E+03 E0= -.17680288E+03  d E =-.768154E-03
=========Coordinates/Forces=========
 POSITION                                       TOTAL-FORCE (eV/Angst)
      4.86116      2.12595      9.73960         0.003252      0.026688     -0.005670
      5.56656      1.48522     10.27863         0.027111     -0.019762      0.041050
      3.85749      2.01402     10.16210        -0.036939     -0.008781      0.028179
      4.84378      1.82562      8.68196        -0.009043      0.006663      0.000842
      5.17815      3.17225      9.81268         0.009162      0.007608      0.006295
 
=========PATH==========
/home/srr516/alkanes-Pt111/Pt-111/methane/PES-exploration/highEDIFF/correct/second-part/21
=========ENERGY========
  12 F= -.17679930E+03 E0= -.17680229E+03  d E =-.835500E-03
=========Coordinates/Forces=========
 POSITION                                       TOTAL-FORCE (eV/Angst)
      4.86116      2.02595      9.74185        -0.016380      0.006218     -0.028405
      5.56656      1.38522     10.28067         0.031733     -0.019817      0.040062
      3.85749      1.91402     10.16679        -0.011953     -0.006166      0.006937
      4.84378      1.72562      8.68290        -0.015054      0.016167      0.043443
      5.17815      3.07225      9.81494         0.010255      0.007971      0.006659
 
=========PATH==========
/home/srr516/alkanes-Pt111/Pt-111/methane/PES-exploration/highEDIFF/correct/second-part/22
=========ENERGY========
   7 F= -.17679807E+03 E0= -.17680107E+03  d E =-.100433E-02
=========Coordinates/Forces=========
 POSITION                                       TOTAL-FORCE (eV/Angst)
      4.86116      1.92595      9.73097         0.081570     -0.022924      0.048299
      5.56656      1.28522     10.27583        -0.030036      0.028798     -0.019181
      3.85749      1.81402     10.15047        -0.072580     -0.007286      0.049272
      4.84378      1.62562      8.67405         0.009546     -0.005473     -0.009685
      5.17815      2.97225      9.80449         0.007032      0.008604      0.004710
 
=========PATH==========
/home/srr516/alkanes-Pt111/Pt-111/methane/PES-exploration/highEDIFF/correct/second-part/23
=========ENERGY========
  11 F= -.17679783E+03 E0= -.17680083E+03  d E =-.485733E-03
=========Coordinates/Forces=========
 POSITION                                       TOTAL-FORCE (eV/Angst)
      4.86116      1.82595      9.73502         0.038247     -0.021694     -0.025372
      5.56656      1.18522     10.27679        -0.000143      0.005765      0.013997
      3.85749      1.71402     10.15578        -0.056787     -0.007652      0.040549
      4.84378      1.52562      8.67633         0.000644      0.010116      0.043243
      5.17815      2.87225      9.80753         0.009451      0.010576      0.010505
 
=========PATH==========
/home/srr516/alkanes-Pt111/Pt-111/methane/PES-exploration/highEDIFF/correct/second-part/24
=========ENERGY========
  12 F= -.17679772E+03 E0= -.17680072E+03  d E =-.428176E-03
=========Coordinates/Forces=========
 POSITION                                       TOTAL-FORCE (eV/Angst)
      4.86116      1.72595      9.73469         0.049574     -0.031472     -0.009433
      5.56656      1.08522     10.27734        -0.008931      0.014722      0.005314
      3.85749      1.61402     10.15517        -0.060720     -0.007063      0.041914
      4.84378      1.42562      8.67639         0.002710      0.005019      0.032877
      5.17815      2.77225      9.80690         0.009817      0.011492      0.010999
 
=========PATH==========
/home/srr516/alkanes-Pt111/Pt-111/methane/PES-exploration/highEDIFF/correct/second-part/25
=========ENERGY========
  16 F= -.17679831E+03 E0= -.17680130E+03  d E =-.425580E-03
=========Coordinates/Forces=========
 POSITION                                       TOTAL-FORCE (eV/Angst)
      4.86116      1.62595      9.74822        -0.018428      0.003456      0.039557
      5.56656      0.98522     10.28870         0.018438      0.000425      0.030293
      3.85749      1.51402     10.17376        -0.007186     -0.002219      0.004391
      4.84378      1.32562      8.69187        -0.015716     -0.007924     -0.016944
      5.17815      2.67225      9.81963         0.012927      0.012139      0.015068
 
=========PATH==========
/home/srr516/alkanes-Pt111/Pt-111/methane/PES-exploration/highEDIFF/correct/second-part/26
=========ENERGY========
  16 F= -.17679841E+03 E0= -.17680140E+03  d E =-.511400E-03
=========Coordinates/Forces=========
 POSITION                                       TOTAL-FORCE (eV/Angst)
      4.86116      1.52595      9.74977        -0.011962     -0.004493      0.033639
      5.56656      0.88522     10.28951         0.023662     -0.003493      0.040284
      3.85749      1.41402     10.17434        -0.016427     -0.002772      0.012803
      4.84378      1.22562      8.69379        -0.015497     -0.010718     -0.030082
      5.17815      2.57225      9.82033         0.013484      0.014367      0.018045
 
=========PATH==========
/home/srr516/alkanes-Pt111/Pt-111/methane/PES-exploration/highEDIFF/correct/second-part/27
=========ENERGY========
  10 F= -.17679936E+03 E0= -.17680236E+03  d E =-.834244E-03
=========Coordinates/Forces=========
 POSITION                                       TOTAL-FORCE (eV/Angst)
      5.06116      2.42595      9.74069        -0.009578      0.017764     -0.014495
      5.76656      1.78522     10.27967         0.028314     -0.018203      0.042141
      4.05749      2.31402     10.16404        -0.027770     -0.006157      0.022281
      5.04378      2.12562      8.68269        -0.011869      0.007095      0.014074
      5.37815      3.47225      9.81237         0.009824      0.010914      0.009680
 
=========PATH==========
/home/srr516/alkanes-Pt111/Pt-111/methane/PES-exploration/highEDIFF/correct/second-part/28
=========ENERGY========
  11 F= -.17679858E+03 E0= -.17680158E+03  d E =-.573098E-03
=========Coordinates/Forces=========
 POSITION                                       TOTAL-FORCE (eV/Angst)
      5.06116      2.32595      9.73726         0.013901     -0.010011     -0.041624
      5.76656      1.68522     10.27791         0.010882     -0.004401      0.023949
      4.05749      2.21402     10.15894        -0.045890     -0.006505      0.034651
      5.04378      2.02562      8.67816        -0.003874      0.012743      0.048694
      5.37815      3.37225      9.80891         0.009246      0.011517      0.011158
 
=========PATH==========
/home/srr516/alkanes-Pt111/Pt-111/methane/PES-exploration/highEDIFF/correct/second-part/29
=========ENERGY========
  11 F= -.17679889E+03 E0= -.17680189E+03  d E =-.787251E-03
=========Coordinates/Forces=========
 POSITION                                       TOTAL-FORCE (eV/Angst)
      5.06116      2.22595      9.73953         0.006801      0.001083     -0.011564
      5.76656      1.58522     10.27988         0.015749     -0.007352      0.027229
      4.05749      2.11402     10.16327        -0.025490     -0.005753      0.018208
      5.04378      1.92562      8.68119        -0.009624      0.010474      0.031668
      5.37815      3.27225      9.81222         0.009046      0.009230      0.007383
 
=========PATH==========
/home/srr516/alkanes-Pt111/Pt-111/methane/PES-exploration/highEDIFF/correct/second-part/30
=========ENERGY========
  17 F= -.17679918E+03 E0= -.17680218E+03  d E =-.464942E-03
=========Coordinates/Forces=========
 POSITION                                       TOTAL-FORCE (eV/Angst)
      5.06116      2.12595      9.74896        -0.020168      0.014837      0.009021
      5.76656      1.48522     10.28867         0.024331     -0.009751      0.035212
      4.05749      2.01402     10.17458        -0.005301     -0.002955      0.004784
      5.04378      1.82562      8.69151        -0.016533      0.002719      0.010720
      5.37815      3.17225      9.82075         0.010798      0.010198      0.012350
 
=========PATH==========
/home/srr516/alkanes-Pt111/Pt-111/methane/PES-exploration/highEDIFF/correct/second-part/31
=========ENERGY========
  11 F= -.17679828E+03 E0= -.17680128E+03  d E =-.865363E-03
=========Coordinates/Forces=========
 POSITION                                       TOTAL-FORCE (eV/Angst)
      5.06116      2.02595      9.73940         0.005619     -0.003435     -0.035396
      5.76656      1.38522     10.27950         0.017370     -0.007630      0.031453
      4.05749      1.91402     10.16227        -0.033863     -0.006184      0.025387
      5.04378      1.72562      8.68084        -0.008153      0.011907      0.042667
      5.37815      3.07225      9.81142         0.009882      0.010715      0.011280
 
=========PATH==========
/home/srr516/alkanes-Pt111/Pt-111/methane/PES-exploration/highEDIFF/correct/second-part/32
=========ENERGY========
  10 F= -.17679708E+03 E0= -.17680009E+03  d E =-.245636E-03
=========Coordinates/Forces=========
 POSITION                                       TOTAL-FORCE (eV/Angst)
      5.06116      1.92595      9.73427         0.059181     -0.034063     -0.027479
      5.76656      1.28522     10.27685        -0.009526      0.014039      0.006510
      4.05749      1.81402     10.15391        -0.068343     -0.006594      0.049862
      5.04378      1.62562      8.67572         0.004084      0.006690      0.042012
      5.37815      2.97225      9.80562         0.009033      0.013423      0.013901
 
=========PATH==========
/home/srr516/alkanes-Pt111/Pt-111/methane/PES-exploration/highEDIFF/correct/second-part/33
=========ENERGY========
  17 F= -.17679858E+03 E0= -.17680158E+03  d E =-.600848E-03
=========Coordinates/Forces=========
 POSITION                                       TOTAL-FORCE (eV/Angst)
      5.06116      1.82595      9.74787        -0.005898     -0.002204      0.021179
      5.76656      1.18522     10.28743         0.024486     -0.007720      0.040819
      4.05749      1.71402     10.17242        -0.016423     -0.003110      0.014188
      5.04378      1.52562      8.69144        -0.015121     -0.004158     -0.014566
      5.37815      2.87225      9.81913         0.011645      0.012594      0.015241
 
=========PATH==========
/home/srr516/alkanes-Pt111/Pt-111/methane/PES-exploration/highEDIFF/correct/second-part/34
=========ENERGY========
   9 F= -.17679662E+03 E0= -.17679963E+03  d E =-.275048E-03
=========Coordinates/Forces=========
 POSITION                                       TOTAL-FORCE (eV/Angst)
      5.06116      1.72595      9.73321         0.045694     -0.026313     -0.030847
      5.76656      1.08522     10.27575        -0.008196      0.015390      0.008252
      4.05749      1.61402     10.15370        -0.060117     -0.006605      0.043067
      5.04378      1.42562      8.67470         0.001974      0.005177      0.043262
      5.37815      2.77225      9.80446         0.010579      0.013718      0.014361
 
=========PATH==========
/home/srr516/alkanes-Pt111/Pt-111/methane/PES-exploration/highEDIFF/correct/second-part/35
=========ENERGY========
  10 F= -.17679687E+03 E0= -.17679988E+03  d E =-.319153E-03
=========Coordinates/Forces=========
 POSITION                                       TOTAL-FORCE (eV/Angst)
      5.06116      1.62595      9.73406         0.054347     -0.043445     -0.032219
      5.76656      0.98522     10.27653        -0.008258      0.016509      0.009376
      4.05749      1.51402     10.15408        -0.065316     -0.006269      0.045902
      5.04378      1.32562      8.67529         0.002333      0.005626      0.048652
      5.37815      2.67225      9.80465         0.011050      0.015584      0.016070
 
=========PATH==========
/home/srr516/alkanes-Pt111/Pt-111/methane/PES-exploration/highEDIFF/correct/second-part/36
=========ENERGY========
  10 F= -.17679708E+03 E0= -.17680009E+03  d E =-.313812E-03
=========Coordinates/Forces=========
 POSITION                                       TOTAL-FORCE (eV/Angst)
      5.06116      1.52595      9.73367         0.054638     -0.023870     -0.031213
      5.76656      0.88522     10.27620        -0.008689      0.017130      0.009059
      4.05749      1.41402     10.15375        -0.064965     -0.007133      0.044559
      5.04378      1.22562      8.67479         0.002169      0.004266      0.049263
      5.37815      2.57225      9.80405         0.011689      0.015254      0.015961
 
=========PATH==========
/home/srr516/alkanes-Pt111/Pt-111/methane/PES-exploration/highEDIFF/correct/second-part/37
=========ENERGY========
  13 F= -.17679764E+03 E0= -.17680064E+03  d E =-.670092E-03
=========Coordinates/Forces=========
 POSITION                                       TOTAL-FORCE (eV/Angst)
      5.06116      1.42595      9.73883        -0.026025     -0.009058     -0.034154
      5.76656      0.78522     10.27761         0.031980     -0.012790      0.047077
      4.05749      1.31402     10.16371        -0.013152     -0.005441      0.006611
      5.04378      1.12562      8.68020        -0.016473      0.009244      0.039437
      5.37815      2.47225      9.80991         0.014157      0.013686      0.012039
 
=========PATH==========
/home/srr516/alkanes-Pt111/Pt-111/methane/PES-exploration/highEDIFF/correct/second-part/38
=========ENERGY========
  13 F= -.17679833E+03 E0= -.17680133E+03  d E =-.455835E-03
=========Coordinates/Forces=========
 POSITION                                       TOTAL-FORCE (eV/Angst)
      5.06116      1.32595      9.73440         0.033580     -0.020019     -0.041377
      5.76656      0.68522     10.27510         0.010108      0.004903      0.028327
      4.05749      1.21402     10.15608        -0.048275     -0.006558      0.030904
      5.04378      1.02562      8.67529        -0.006558      0.004010      0.047321
      5.37815      2.37225      9.80371         0.013382      0.016898      0.018344
 
=========PATH==========
/home/srr516/alkanes-Pt111/Pt-111/methane/PES-exploration/highEDIFF/correct/second-part/39
=========ENERGY========
   7 F= -.17679683E+03 E0= -.17679983E+03  d E =-.228218E-03
=========Coordinates/Forces=========
 POSITION                                       TOTAL-FORCE (eV/Angst)
      5.26116      2.42595      9.73004         0.041680     -0.031958     -0.034045
      5.96656      1.78522     10.27201        -0.001724      0.010715      0.011890
      4.25749      2.31402     10.15126        -0.051751     -0.003126      0.037445
      5.24378      2.12562      8.67121        -0.002267      0.004749      0.047408
      5.57815      3.47225      9.79952         0.009352      0.016411      0.019428
 
=========PATH==========
/home/srr516/alkanes-Pt111/Pt-111/methane/PES-exploration/highEDIFF/correct/second-part/40
=========ENERGY========
  11 F= -.17679788E+03 E0= -.17680089E+03  d E =-.833198E-03
=========Coordinates/Forces=========
 POSITION                                       TOTAL-FORCE (eV/Angst)
      5.26116      2.32595      9.73936         0.008782     -0.003288     -0.022819
      5.96656      1.68522     10.27974         0.014664     -0.005180      0.029337
      4.25749      2.21402     10.16286        -0.028407     -0.005254      0.020658
      5.24378      2.02562      8.68098        -0.009103      0.011068      0.039305
      5.57815      3.37225      9.81133         0.009446      0.011154      0.010628
 
=========PATH==========
/home/srr516/alkanes-Pt111/Pt-111/methane/PES-exploration/highEDIFF/correct/second-part/41
=========ENERGY========
  10 F= -.17679683E+03 E0= -.17679984E+03  d E =-.290717E-03
=========Coordinates/Forces=========
 POSITION                                       TOTAL-FORCE (eV/Angst)
      5.26116      2.22595      9.73437         0.059469     -0.018216     -0.033676
      5.96656      1.58522     10.27687        -0.009061      0.013055      0.007670
      4.25749      2.11402     10.15457        -0.063496     -0.006297      0.046041
      5.24378      1.92562      8.67573         0.002450      0.007489      0.046268
      5.57815      3.27225      9.80548         0.008450      0.013014      0.014425
 
=========PATH==========
/home/srr516/alkanes-Pt111/Pt-111/methane/PES-exploration/highEDIFF/correct/second-part/42
=========ENERGY========
  22 F= -.17679890E+03 E0= -.17680191E+03  d E =-.274655E-03
=========Coordinates/Forces=========
 POSITION                                       TOTAL-FORCE (eV/Angst)
      5.26116      2.12595      9.75435         0.010818     -0.018612     -0.024792
      5.96656      1.48522     10.29538         0.009823      0.004285      0.022715
      4.25749      2.01402     10.17832        -0.022631     -0.001649      0.016605
      5.24378      1.82562      8.69596        -0.010962      0.005977      0.044354
      5.57815      3.17225      9.82457         0.010474      0.014260      0.019136
 
=========PATH==========
/home/srr516/alkanes-Pt111/Pt-111/methane/PES-exploration/highEDIFF/correct/second-part/43
=========ENERGY========
  19 F= -.17679825E+03 E0= -.17680126E+03  d E =-.213457E-03
=========Coordinates/Forces=========
 POSITION                                       TOTAL-FORCE (eV/Angst)
      5.26116      2.02595      9.75150        -0.000351      0.000977     -0.003829
      5.96656      1.38522     10.29072         0.025748     -0.009730      0.044646
      4.25749      1.91402     10.17494        -0.026895     -0.003264      0.022914
      5.24378      1.72562      8.69468        -0.013500     -0.002322     -0.004966
      5.57815      3.07225      9.82176         0.011157      0.014568      0.018769
 
=========PATH==========
/home/srr516/alkanes-Pt111/Pt-111/methane/PES-exploration/highEDIFF/correct/second-part/44
=========ENERGY========
  16 F= -.17679808E+03 E0= -.17680109E+03  d E =-.139428E-03
=========Coordinates/Forces=========
 POSITION                                       TOTAL-FORCE (eV/Angst)
      5.26116      1.92595      9.74716         0.011365     -0.020943     -0.032374
      5.96656      1.28522     10.28764         0.014392      0.000680      0.031025
      4.25749      1.81402     10.17058        -0.028936     -0.002655      0.022354
      5.24378      1.62562      8.68927        -0.011049      0.004151      0.033330
      5.57815      2.97225      9.81734         0.011022      0.014892      0.019688
 
=========PATH==========
/home/srr516/alkanes-Pt111/Pt-111/methane/PES-exploration/highEDIFF/correct/second-part/45
=========ENERGY========
  17 F= -.17679801E+03 E0= -.17680102E+03  d E =-.269979E-03
=========Coordinates/Forces=========
 POSITION                                       TOTAL-FORCE (eV/Angst)
      5.26116      1.82595      9.75358         0.005560     -0.016628     -0.021647
      5.96656      1.18522     10.29291         0.024182     -0.006654      0.043581
      4.25749      1.71402     10.17689        -0.027905     -0.002829      0.023007
      5.24378      1.52562      8.69625        -0.013435      0.000267      0.012413
      5.57815      2.87225      9.82336         0.011701      0.015600      0.020341
 
=========PATH==========
/home/srr516/alkanes-Pt111/Pt-111/methane/PES-exploration/highEDIFF/correct/second-part/46
=========ENERGY========
  16 F= -.17679806E+03 E0= -.17680108E+03  d E =-.710760E-03
=========Coordinates/Forces=========
 POSITION                                       TOTAL-FORCE (eV/Angst)
      5.26116      1.72595      9.74917        -0.006754     -0.010589      0.049890
      5.96656      1.08522     10.28941         0.018488     -0.000335      0.036094
      4.25749      1.61402     10.17459        -0.008758     -0.001434      0.007602
      5.24378      1.42562      8.69353        -0.016703     -0.010151     -0.032712
      5.57815      2.77225      9.82052         0.012002      0.013518      0.014396
 
=========PATH==========
/home/srr516/alkanes-Pt111/Pt-111/methane/PES-exploration/highEDIFF/correct/second-part/47
=========ENERGY========
  19 F= -.17679794E+03 E0= -.17680094E+03  d E =-.219855E-03
=========Coordinates/Forces=========
 POSITION                                       TOTAL-FORCE (eV/Angst)
      5.26116      1.62595      9.74832         0.017338     -0.024518     -0.031868
      5.96656      0.98522     10.28947         0.007747      0.008044      0.022993
      4.25749      1.51402     10.17157        -0.030602     -0.002806      0.020456
      5.24378      1.32562      8.68964        -0.009841      0.004611      0.049946
      5.57815      2.67225      9.81799         0.012301      0.016322      0.019416
 
=========PATH==========
/home/srr516/alkanes-Pt111/Pt-111/methane/PES-exploration/highEDIFF/correct/second-part/48
=========ENERGY========
  10 F= -.17679690E+03 E0= -.17679992E+03  d E =-.378923E-03
=========Coordinates/Forces=========
 POSITION                                       TOTAL-FORCE (eV/Angst)
      5.26116      1.52595      9.73414         0.056699     -0.047517     -0.034556
      5.96656      0.88522     10.27651        -0.007571      0.017831      0.010894
      4.25749      1.41402     10.15458        -0.061420     -0.005346      0.041653
      5.24378      1.22562      8.67532        -0.000139      0.003516      0.047169
      5.57815      2.57225      9.80407         0.011695      0.017558      0.016683
 
=========PATH==========
/home/srr516/alkanes-Pt111/Pt-111/methane/PES-exploration/highEDIFF/correct/second-part/49
=========ENERGY========
  10 F= -.17679750E+03 E0= -.17680052E+03  d E =-.224500E-03
=========Coordinates/Forces=========
 POSITION                                       TOTAL-FORCE (eV/Angst)
      5.26116      1.42595      9.73287         0.072662     -0.034156     -0.022266
      5.96656      0.78522     10.27614        -0.016554      0.025114      0.001208
      4.25749      1.31402     10.15256        -0.069859     -0.006200      0.045810
      5.24378      1.12562      8.67417         0.002908     -0.001467      0.038736
      5.57815      2.47225      9.80243         0.011532      0.017428      0.016246
 
=========PATH==========
/home/srr516/alkanes-Pt111/Pt-111/methane/PES-exploration/highEDIFF/correct/second-part/50
=========ENERGY========
   7 F= -.17679761E+03 E0= -.17680062E+03  d E =-.895095E-03
=========Coordinates/Forces=========
 POSITION                                       TOTAL-FORCE (eV/Angst)
      5.26116      1.32595      9.73020         0.092622     -0.038522      0.032519
      5.96656      0.68522     10.27549        -0.034306      0.041223     -0.019010
      4.25749      1.21402     10.14995        -0.071688     -0.004910      0.044602
      5.24378      1.02562      8.67267         0.005675     -0.014276      0.002056
      5.57815      2.37225      9.79989         0.011146      0.017333      0.014421
 
=========PATH==========
/home/srr516/alkanes-Pt111/Pt-111/methane/PES-exploration/highEDIFF/correct/second-part/51
=========ENERGY========
   1 F= -.17679782E+03 E0= -.17680082E+03  d E =-.176798E+03
=========Coordinates/Forces=========
 POSITION                                       TOTAL-FORCE (eV/Angst)
      5.26116      1.22595      9.72516        -0.011767     -0.021274     -0.032787
      5.96656      0.58522     10.26428         0.030641     -0.005096      0.041783
      4.25749      1.11402     10.15017        -0.013462     -0.001896      0.001823
      5.24378      0.92562      8.66565        -0.020188     -0.001004      0.046633
      5.57815      2.27225      9.79236         0.016065      0.020736      0.022897
 
=========PATH==========
/home/srr516/alkanes-Pt111/Pt-111/methane/PES-exploration/highEDIFF/correct/second-part/52
=========ENERGY========
   1 F= -.17679855E+03 E0= -.17680154E+03  d E =-.176799E+03
=========Coordinates/Forces=========
 POSITION                                       TOTAL-FORCE (eV/Angst)
      5.26116      1.12595      9.72516        -0.007096     -0.021641     -0.018532
      5.96656      0.48522     10.26428         0.030404     -0.005340      0.040691
      4.25749      1.01402     10.15017        -0.013778     -0.002332      0.000108
      5.24378      0.82562      8.66565        -0.020432     -0.002493      0.038222
      5.57815      2.17225      9.79236         0.015832      0.020636      0.021149
 
=========PATH==========
/home/srr516/alkanes-Pt111/Pt-111/methane/PES-exploration/highEDIFF/correct/second-part/53
=========ENERGY========
  11 F= -.17679731E+03 E0= -.17680032E+03  d E =-.369733E-03
=========Coordinates/Forces=========
 POSITION                                       TOTAL-FORCE (eV/Angst)
      5.46116      2.42595      9.73884        -0.011932      0.009927      0.004517
      6.16656      1.78522     10.27806         0.027187     -0.012423      0.043029
      4.45749      2.31402     10.16451        -0.006964     -0.004299      0.003405
      5.44378      2.12562      8.68115        -0.017030      0.008382      0.022419
      5.77815      3.47225      9.81090         0.010172      0.010510      0.011005
 
=========PATH==========
/home/srr516/alkanes-Pt111/Pt-111/methane/PES-exploration/highEDIFF/correct/second-part/54
=========ENERGY========
   7 F= -.17679603E+03 E0= -.17679904E+03  d E =-.193631E-03
=========Coordinates/Forces=========
 POSITION                                       TOTAL-FORCE (eV/Angst)
      5.46116      2.32595      9.73024         0.059873     -0.029122     -0.041681
      6.16656      1.68522     10.27263        -0.006475      0.014330      0.010668
      4.45749      2.21402     10.15106        -0.058620     -0.004464      0.039996
      5.44378      2.02562      8.67184        -0.000265      0.005425      0.046150
      5.77815      3.37225      9.80036         0.008567      0.014724      0.018695
 
=========PATH==========
/home/srr516/alkanes-Pt111/Pt-111/methane/PES-exploration/highEDIFF/correct/second-part/55
=========ENERGY========
  16 F= -.17679813E+03 E0= -.17680114E+03  d E =-.163026E-03
=========Coordinates/Forces=========
 POSITION                                       TOTAL-FORCE (eV/Angst)
      5.46116      2.22595      9.74991         0.014974     -0.003921     -0.045893
      6.16656      1.58522     10.28990         0.017491     -0.002896      0.037328
      4.45749      2.11402     10.17256        -0.036835     -0.003855      0.028373
      5.44378      1.92562      8.69204        -0.009861      0.004270      0.032131
      5.77815      3.27225      9.81954         0.010416      0.014662      0.022553
 
=========PATH==========
/home/srr516/alkanes-Pt111/Pt-111/methane/PES-exploration/highEDIFF/correct/second-part/56
=========ENERGY========
  11 F= -.17679677E+03 E0= -.17679979E+03  d E =-.381838E-03
=========Coordinates/Forces=========
 POSITION                                       TOTAL-FORCE (eV/Angst)
      5.46116      2.12595      9.73795        -0.012745     -0.008236      0.040727
      6.16656      1.48522     10.27909         0.011755      0.003043      0.021345
      4.45749      2.01402     10.16537         0.008704     -0.001520     -0.012028
      5.44378      1.82562      8.68049        -0.017625      0.006054      0.025077
      5.77815      3.17225      9.81113         0.009901      0.009170      0.007301
 
=========PATH==========
/home/srr516/alkanes-Pt111/Pt-111/methane/PES-exploration/highEDIFF/correct/second-part/57
=========ENERGY========
  16 F= -.17679794E+03 E0= -.17680096E+03  d E =-.664446E-03
=========Coordinates/Forces=========
 POSITION                                       TOTAL-FORCE (eV/Angst)
      5.46116      2.02595      9.74964         0.006064      0.001878      0.014092
      6.16656      1.38522     10.28953         0.019073     -0.003656      0.040472
      4.45749      1.91402     10.17350        -0.024509     -0.003157      0.020471
      5.44378      1.72562      8.69361        -0.013391     -0.006019     -0.020102
      5.77815      3.07225      9.82060         0.010430      0.013296      0.017540
 
=========PATH==========
/home/srr516/alkanes-Pt111/Pt-111/methane/PES-exploration/highEDIFF/correct/second-part/58
=========ENERGY========
  16 F= -.17679744E+03 E0= -.17680045E+03  d E =-.150079E-03
=========Coordinates/Forces=========
 POSITION                                       TOTAL-FORCE (eV/Angst)
      5.46116      1.92595      9.74744         0.013458     -0.019149     -0.041822
      6.16656      1.28522     10.28711         0.019957     -0.004009      0.040667
      4.45749      1.81402     10.17026        -0.034197     -0.003352      0.026252
      5.44378      1.62562      8.68964        -0.011530      0.004337      0.030605
      5.77815      2.97225      9.81728         0.010723      0.015360      0.021332
 
=========PATH==========
/home/srr516/alkanes-Pt111/Pt-111/methane/PES-exploration/highEDIFF/correct/second-part/59
=========ENERGY========
  17 F= -.17679761E+03 E0= -.17680062E+03  d E =-.202525E-03
=========Coordinates/Forces=========
 POSITION                                       TOTAL-FORCE (eV/Angst)
      5.46116      1.82595      9.74902         0.015570     -0.008921     -0.001808
      6.16656      1.18522     10.28830         0.022689     -0.004855      0.046542
      4.45749      1.71402     10.17143        -0.037575     -0.002758      0.030668
      5.44378      1.52562      8.69275        -0.012754     -0.009031     -0.020239
      5.77815      2.87225      9.81817         0.011562      0.017163      0.023348
 
=========PATH==========
/home/srr516/alkanes-Pt111/Pt-111/methane/PES-exploration/highEDIFF/correct/second-part/60
=========ENERGY========
   7 F= -.17679562E+03 E0= -.17679864E+03  d E =-.199791E-03
=========Coordinates/Forces=========
 POSITION                                       TOTAL-FORCE (eV/Angst)
      5.46116      1.72595      9.73050         0.066632     -0.033908     -0.043784
      6.16656      1.08522     10.27314        -0.008873      0.018427      0.009292
      4.45749      1.61402     10.15093        -0.062559     -0.004543      0.042264
      5.44378      1.42562      8.67225        -0.000251      0.002308      0.045288
      5.77815      2.77225      9.80037         0.009857      0.016466      0.018540
 
=========PATH==========
/home/srr516/alkanes-Pt111/Pt-111/methane/PES-exploration/highEDIFF/correct/second-part/61
=========ENERGY========
  19 F= -.17679789E+03 E0= -.17680090E+03  d E =-.228275E-03
=========Coordinates/Forces=========
 POSITION                                       TOTAL-FORCE (eV/Angst)
      5.46116      1.62595      9.74865         0.016548     -0.033149     -0.029041
      6.16656      0.98522     10.28902         0.014919      0.002881      0.034940
      4.45749      1.51402     10.17203        -0.029986     -0.001835      0.021996
      5.44378      1.32562      8.69107        -0.012594     -0.000289      0.024195
      5.77815      2.67225      9.81813         0.012040      0.017334      0.021510
 
=========PATH==========
/home/srr516/alkanes-Pt111/Pt-111/methane/PES-exploration/highEDIFF/correct/second-part/62
=========ENERGY========
  17 F= -.17679827E+03 E0= -.17680129E+03  d E =-.170422E-03
=========Coordinates/Forces=========
 POSITION                                       TOTAL-FORCE (eV/Angst)
      5.46116      1.52595      9.74711         0.000142     -0.017464     -0.020606
      6.16656      0.88522     10.28776         0.014816      0.003399      0.028017
      4.45749      1.41402     10.17257        -0.009589     -0.002141      0.002154
      5.44378      1.22562      8.68865        -0.016348      0.005483      0.044854
      5.77815      2.57225      9.81775         0.012486      0.014840      0.014516
 
=========PATH==========
/home/srr516/alkanes-Pt111/Pt-111/methane/PES-exploration/highEDIFF/correct/second-part/63
=========ENERGY========
  16 F= -.17679779E+03 E0= -.17680080E+03  d E =-.245272E-03
=========Coordinates/Forces=========
 POSITION                                       TOTAL-FORCE (eV/Angst)
      5.46116      1.42595      9.73693        -0.011033     -0.016387      0.045655
      6.16656      0.78522     10.27729         0.018670      0.001535      0.030017
      4.45749      1.31402     10.16409         0.007781     -0.000668     -0.012247
      5.44378      1.12562      8.67976        -0.021687     -0.004760     -0.002284
      5.77815      2.47225      9.80839         0.012875      0.014406      0.008835
 
=========PATH==========
/home/srr516/alkanes-Pt111/Pt-111/methane/PES-exploration/highEDIFF/correct/second-part/64
=========ENERGY========
   7 F= -.17679805E+03 E0= -.17680107E+03  d E =-.871709E-03
=========Coordinates/Forces=========
 POSITION                                       TOTAL-FORCE (eV/Angst)
      5.46116      1.32595      9.72983         0.086529     -0.042333      0.042610
      6.16656      0.68522     10.27524        -0.034922      0.042385     -0.020885
      4.45749      1.21402     10.14990        -0.068468     -0.003785      0.041754
      5.44378      1.02562      8.67241         0.004586     -0.015777     -0.002301
      5.77815      2.37225      9.79958         0.010793      0.018079      0.013538
 
=========PATH==========
/home/srr516/alkanes-Pt111/Pt-111/methane/PES-exploration/highEDIFF/correct/second-part/65
=========ENERGY========
   1 F= -.17679767E+03 E0= -.17680068E+03  d E =-.176798E+03
=========Coordinates/Forces=========
 POSITION                                       TOTAL-FORCE (eV/Angst)
      5.46116      1.22595      9.72516        -0.011851     -0.017159     -0.030297
      6.16656      0.58522     10.26428         0.030487     -0.005764      0.040995
      4.45749      1.11402     10.15017        -0.013134     -0.001427      0.001773
      5.44378      0.92562      8.66565        -0.020942     -0.001666      0.044978
      5.77815      2.27225      9.79236         0.015525      0.021070      0.022091
 
=========PATH==========
/home/srr516/alkanes-Pt111/Pt-111/methane/PES-exploration/highEDIFF/correct/second-part/66
=========ENERGY========
   1 F= -.17679899E+03 E0= -.17680199E+03  d E =-.176799E+03
=========Coordinates/Forces=========
 POSITION                                       TOTAL-FORCE (eV/Angst)
      5.46116      1.12595      9.72516        -0.001164     -0.020542     -0.016570
      6.16656      0.48522     10.26428         0.030263     -0.005837      0.039916
      4.45749      1.01402     10.15017        -0.013903     -0.001589      0.000311
      5.44378      0.82562      8.66565        -0.021416     -0.003356      0.035811
      5.77815      2.17225      9.79236         0.015078      0.021092      0.020214
 
=========PATH==========
/home/srr516/alkanes-Pt111/Pt-111/methane/PES-exploration/highEDIFF/correct/second-part/67
=========ENERGY========
   1 F= -.17679980E+03 E0= -.17680280E+03  d E =-.176800E+03
=========Coordinates/Forces=========
 POSITION                                       TOTAL-FORCE (eV/Angst)
      5.46116      1.02595      9.72516        -0.010320     -0.025883     -0.008844
      6.16656      0.38522     10.26428         0.030608     -0.006323      0.038654
      4.45749      0.91402     10.15017        -0.013581     -0.001800     -0.001164
      5.44378      0.72562      8.66565        -0.021148     -0.004975      0.026751
      5.77815      2.07225      9.79236         0.015271      0.021103      0.018700
 
=========PATH==========
/home/srr516/alkanes-Pt111/Pt-111/methane/PES-exploration/highEDIFF/correct/second-part/68
=========ENERGY========
   1 F= -.17680112E+03 E0= -.17680411E+03  d E =-.176801E+03
=========Coordinates/Forces=========
 POSITION                                       TOTAL-FORCE (eV/Angst)
      5.46116      0.92595      9.72516        -0.010869     -0.026254      0.001489
      6.16656      0.28522     10.26428         0.030790     -0.006802      0.037202
      4.45749      0.81402     10.15017        -0.014035     -0.002052     -0.002642
      5.44378      0.62562      8.66565        -0.021220     -0.006832      0.017571
      5.77815      1.97225      9.79236         0.015207      0.020470      0.017390
 
=========PATH==========
/home/srr516/alkanes-Pt111/Pt-111/methane/PES-exploration/highEDIFF/correct/second-part/69
=========ENERGY========
   1 F= -.17680180E+03 E0= -.17680479E+03  d E =-.176802E+03
=========Coordinates/Forces=========
 POSITION                                       TOTAL-FORCE (eV/Angst)
      5.46116      0.82595      9.72516        -0.009835     -0.010648      0.005648
      6.16656      0.18522     10.26428         0.031023     -0.007796      0.035659
      4.45749      0.71402     10.15017        -0.014024     -0.003021     -0.004064
      5.44378      0.52562      8.66565        -0.021433     -0.008848      0.009483
      5.77815      1.87225      9.79236         0.014963      0.019558      0.016671
 
