=========PATH==========
/home/srr516/alkanes-Pt111/Pt-111/methane/PES-exploration/highEDIFF/correct/1
=========ENERGY========
   1 F= -.17680433E+03 E0= -.17680730E+03  d E =-.176804E+03
=========Coordinates/Forces=========
 POSITION                                       TOTAL-FORCE (eV/Angst)
      4.06116      2.42595      9.72516        -0.010147      0.014575      0.025659
      4.76656      1.78522     10.26428         0.034986     -0.011752      0.026671
      3.05749      2.31402     10.15017        -0.015699     -0.002274     -0.009852
      4.04378      2.12562      8.66565        -0.021470     -0.013042     -0.005284
      4.37815      3.47225      9.79236         0.012527      0.014824      0.025055
 
=========PATH==========
/home/srr516/alkanes-Pt111/Pt-111/methane/PES-exploration/highEDIFF/correct/2
=========ENERGY========
   1 F= -.17680411E+03 E0= -.17680707E+03  d E =-.176804E+03
=========Coordinates/Forces=========
 POSITION                                       TOTAL-FORCE (eV/Angst)
      4.26116      2.42595      9.72516        -0.016525      0.018769      0.024242
      4.96656      1.78522     10.26428         0.035267     -0.013254      0.025762
      3.25749      2.31402     10.15017        -0.013903     -0.001644     -0.007336
      4.24378      2.12562      8.66565        -0.021306     -0.012509     -0.003122
      4.57815      3.47225      9.79236         0.012759      0.015124      0.023994
 
=========PATH==========
/home/srr516/alkanes-Pt111/Pt-111/methane/PES-exploration/highEDIFF/correct/3
=========ENERGY========
   1 F= -.17680461E+03 E0= -.17680757E+03  d E =-.176805E+03
=========Coordinates/Forces=========
 POSITION                                       TOTAL-FORCE (eV/Angst)
      4.26116      2.52595      9.72516        -0.018504      0.015155      0.030585
      4.96656      1.88522     10.26428         0.034883     -0.013340      0.025990
      3.25749      2.41402     10.15017        -0.013838     -0.001933     -0.007671
      4.24378      2.22562      8.66565        -0.021274     -0.013285     -0.008392
      4.57815      3.57225      9.79236         0.012675      0.015323      0.021750
 
=========PATH==========
/home/srr516/alkanes-Pt111/Pt-111/methane/PES-exploration/highEDIFF/correct/4
=========ENERGY========
   1 F= -.17680489E+03 E0= -.17680785E+03  d E =-.176805E+03
=========Coordinates/Forces=========
 POSITION                                       TOTAL-FORCE (eV/Angst)
      4.26116      2.62595      9.72516        -0.023161      0.014801      0.033371
      4.96656      1.98522     10.26428         0.034561     -0.013272      0.026252
      3.25749      2.51402     10.15017        -0.013641     -0.002023     -0.007666
      4.24378      2.32562      8.66565        -0.021162     -0.013962     -0.011516
      4.57815      3.67225      9.79236         0.013283      0.015674      0.019767
 
=========PATH==========
/home/srr516/alkanes-Pt111/Pt-111/methane/PES-exploration/highEDIFF/correct/5
=========ENERGY========
   1 F= -.17680293E+03 E0= -.17680589E+03  d E =-.176803E+03
=========Coordinates/Forces=========
 POSITION                                       TOTAL-FORCE (eV/Angst)
      4.46116      2.42595      9.72516        -0.026521      0.010714      0.011849
      5.16656      1.78522     10.26428         0.035323     -0.013894      0.026843
      3.45749      2.31402     10.15017        -0.012155     -0.000686     -0.003502
      4.44378      2.12562      8.66565        -0.020840     -0.009956      0.005822
      4.77815      3.47225      9.79236         0.012684      0.015921      0.023735
 
=========PATH==========
/home/srr516/alkanes-Pt111/Pt-111/methane/PES-exploration/highEDIFF/correct/6
=========ENERGY========
   1 F= -.17680346E+03 E0= -.17680642E+03  d E =-.176803E+03
=========Coordinates/Forces=========
 POSITION                                       TOTAL-FORCE (eV/Angst)
      4.46116      2.52595      9.72516        -0.025595      0.016172      0.016530
      5.16656      1.88522     10.26428         0.034847     -0.014231      0.026860
      3.45749      2.41402     10.15017        -0.012209     -0.001061     -0.003795
      4.44378      2.22562      8.66565        -0.020718     -0.010994      0.001240
      4.77815      3.57225      9.79236         0.012857      0.016048      0.021710
 
=========PATH==========
/home/srr516/alkanes-Pt111/Pt-111/methane/PES-exploration/highEDIFF/correct/7
=========ENERGY========
   1 F= -.17680386E+03 E0= -.17680683E+03  d E =-.176804E+03
=========Coordinates/Forces=========
 POSITION                                       TOTAL-FORCE (eV/Angst)
      4.46116      2.62595      9.72516        -0.017938      0.005065      0.022250
      5.16656      1.98522     10.26428         0.034041     -0.013939      0.027108
      3.45749      2.51402     10.15017        -0.012158     -0.000975     -0.004034
      4.44378      2.32562      8.66565        -0.021300     -0.011052     -0.001879
      4.77815      3.67225      9.79236         0.012362      0.016539      0.019856
 
=========PATH==========
/home/srr516/alkanes-Pt111/Pt-111/methane/PES-exploration/highEDIFF/correct/8
=========ENERGY========
   1 F= -.17680382E+03 E0= -.17680679E+03  d E =-.176804E+03
=========Coordinates/Forces=========
 POSITION                                       TOTAL-FORCE (eV/Angst)
      4.46116      2.72595      9.72516        -0.032389      0.002633      0.017875
      5.16656      2.08522     10.26428         0.034071     -0.013403      0.027844
      3.45749      2.61402     10.15017        -0.011674     -0.000913     -0.003688
      4.44378      2.42562      8.66565        -0.020867     -0.011263     -0.002733
      4.77815      3.77225      9.79236         0.013278      0.017449      0.018512
 
=========PATH==========
/home/srr516/alkanes-Pt111/Pt-111/methane/PES-exploration/highEDIFF/correct/9
=========ENERGY========
   1 F= -.17680395E+03 E0= -.17680692E+03  d E =-.176804E+03
=========Coordinates/Forces=========
 POSITION                                       TOTAL-FORCE (eV/Angst)
      4.46116      2.82595      9.72516        -0.009674      0.001953      0.023260
      5.16656      2.18522     10.26428         0.032667     -0.012762      0.028504
      3.45749      2.71402     10.15017        -0.012241     -0.001132     -0.003565
      4.44378      2.52562      8.66565        -0.021692     -0.011107     -0.002073
      4.77815      3.87225      9.79236         0.012550      0.017676      0.017209
 
=========PATH==========
/home/srr516/alkanes-Pt111/Pt-111/methane/PES-exploration/highEDIFF/correct/10
=========ENERGY========
   1 F= -.17680128E+03 E0= -.17680425E+03  d E =-.176801E+03
=========Coordinates/Forces=========
 POSITION                                       TOTAL-FORCE (eV/Angst)
      4.66116      2.42595      9.72516        -0.031100      0.016001     -0.003465
      5.36656      1.78522     10.26428         0.034769     -0.014230      0.029220
      3.65749      2.31402     10.15017        -0.010723     -0.000221      0.000523
      4.64378      2.12562      8.66565        -0.019943     -0.006458      0.020029
      4.97815      3.47225      9.79236         0.012926      0.016617      0.024218
 
=========PATH==========
/home/srr516/alkanes-Pt111/Pt-111/methane/PES-exploration/highEDIFF/correct/11
=========ENERGY========
   1 F= -.17680167E+03 E0= -.17680464E+03  d E =-.176802E+03
=========Coordinates/Forces=========
 POSITION                                       TOTAL-FORCE (eV/Angst)
      4.66116      2.52595      9.72516        -0.031720     -0.001671      0.003616
      5.36656      1.88522     10.26428         0.034283     -0.013864      0.029097
      3.65749      2.41402     10.15017        -0.010609      0.000186      0.000220
      4.64378      2.22562      8.66565        -0.020303     -0.006698      0.015860
      4.97815      3.57225      9.79236         0.012584      0.017291      0.022333
 
=========PATH==========
/home/srr516/alkanes-Pt111/Pt-111/methane/PES-exploration/highEDIFF/correct/12
=========ENERGY========
   1 F= -.17680188E+03 E0= -.17680485E+03  d E =-.176802E+03
=========Coordinates/Forces=========
 POSITION                                       TOTAL-FORCE (eV/Angst)
      4.66116      2.62595      9.72516        -0.029662      0.007153      0.000996
      5.36656      1.98522     10.26428         0.033893     -0.014094      0.029416
      3.65749      2.51402     10.15017        -0.010774     -0.000181      0.000246
      4.64378      2.32562      8.66565        -0.020374     -0.007376      0.013649
      4.97815      3.67225      9.79236         0.012751      0.017536      0.021079
 
=========PATH==========
/home/srr516/alkanes-Pt111/Pt-111/methane/PES-exploration/highEDIFF/correct/13
=========ENERGY========
   1 F= -.17680222E+03 E0= -.17680519E+03  d E =-.176802E+03
=========Coordinates/Forces=========
 POSITION                                       TOTAL-FORCE (eV/Angst)
      4.66116      2.72595      9.72516        -0.021896     -0.003804      0.006832
      5.36656      2.08522     10.26428         0.033171     -0.013381      0.029771
      3.65749      2.61402     10.15017        -0.010908      0.000005      0.000138
      4.64378      2.42562      8.66565        -0.020812     -0.007279      0.012574
      4.97815      3.77225      9.79236         0.012381      0.018231      0.019562
 
=========PATH==========
/home/srr516/alkanes-Pt111/Pt-111/methane/PES-exploration/highEDIFF/correct/14
=========ENERGY========
   1 F= -.17680196E+03 E0= -.17680494E+03  d E =-.176802E+03
=========Coordinates/Forces=========
 POSITION                                       TOTAL-FORCE (eV/Angst)
      4.66116      2.82595      9.72516        -0.031839     -0.008308      0.006871
      5.36656      2.18522     10.26428         0.033135     -0.012680      0.030403
      3.65749      2.71402     10.15017        -0.010731      0.000230      0.000281
      4.64378      2.52562      8.66565        -0.020600     -0.007028      0.013193
      4.97815      3.87225      9.79236         0.012912      0.019067      0.018712
 
=========PATH==========
/home/srr516/alkanes-Pt111/Pt-111/methane/PES-exploration/highEDIFF/correct/15
=========ENERGY========
   1 F= -.17680193E+03 E0= -.17680491E+03  d E =-.176802E+03
=========Coordinates/Forces=========
 POSITION                                       TOTAL-FORCE (eV/Angst)
      4.66116      2.92595      9.72516        -0.020921     -0.004261     -0.001476
      5.36656      2.28522     10.26428         0.032398     -0.012094      0.031809
      3.65749      2.81402     10.15017        -0.011100      0.000022      0.000771
      4.64378      2.62562      8.66565        -0.021033     -0.006891      0.015511
      4.97815      3.97225      9.79236         0.012881      0.019497      0.018384
 
=========PATH==========
/home/srr516/alkanes-Pt111/Pt-111/methane/PES-exploration/highEDIFF/correct/16
=========ENERGY========
   1 F= -.17680122E+03 E0= -.17680421E+03  d E =-.176801E+03
=========Coordinates/Forces=========
 POSITION                                       TOTAL-FORCE (eV/Angst)
      4.66116      3.02595      9.72516        -0.029096      0.002567      0.000533
      5.36656      2.38522     10.26428         0.032372     -0.011731      0.032644
      3.65749      2.91402     10.15017        -0.010913     -0.000116      0.000973
      4.64378      2.72562      8.66565        -0.020975     -0.006499      0.018836
      4.97815      4.07225      9.79236         0.013267      0.019550      0.018098
 
=========PATH==========
/home/srr516/alkanes-Pt111/Pt-111/methane/PES-exploration/highEDIFF/correct/17
=========ENERGY========
   1 F= -.17679911E+03 E0= -.17680209E+03  d E =-.176799E+03
=========Coordinates/Forces=========
 POSITION                                       TOTAL-FORCE (eV/Angst)
      4.86116      2.42595      9.72516        -0.031592     -0.001744     -0.020269
      5.56656      1.78522     10.26428         0.033705     -0.013052      0.032450
      3.85749      2.31402     10.15017        -0.010154      0.000731      0.004150
      4.84378      2.12562      8.66565        -0.019595     -0.001663      0.036524
      5.17815      3.47225      9.79236         0.012769      0.018154      0.025153
 
=========PATH==========
/home/srr516/alkanes-Pt111/Pt-111/methane/PES-exploration/highEDIFF/correct/18
=========ENERGY========
   1 F= -.17679953E+03 E0= -.17680251E+03  d E =-.176800E+03
=========Coordinates/Forces=========
 POSITION                                       TOTAL-FORCE (eV/Angst)
      4.86116      2.52595      9.72516        -0.030350      0.001133     -0.017638
      5.56656      1.88522     10.26428         0.033470     -0.013271      0.032491
      3.85749      2.41402     10.15017        -0.010204      0.000554      0.004009
      4.84378      2.22562      8.66565        -0.019518     -0.002360      0.033289
      5.17815      3.57225      9.79236         0.012650      0.018137      0.023870
 
=========PATH==========
/home/srr516/alkanes-Pt111/Pt-111/methane/PES-exploration/highEDIFF/correct/19
=========ENERGY========
   1 F= -.17679991E+03 E0= -.17680289E+03  d E =-.176800E+03
=========Coordinates/Forces=========
 POSITION                                       TOTAL-FORCE (eV/Angst)
      4.86116      2.62595      9.72516        -0.030358     -0.008774     -0.013254
      5.56656      1.98522     10.26428         0.033027     -0.012921      0.032446
      3.85749      2.51402     10.15017        -0.010133      0.000831      0.003809
      4.84378      2.32562      8.66565        -0.019828     -0.002428      0.031245
      5.17815      3.67225      9.79236         0.012455      0.018582      0.022519
 
=========PATH==========
/home/srr516/alkanes-Pt111/Pt-111/methane/PES-exploration/highEDIFF/correct/20
=========ENERGY========
   1 F= -.17679984E+03 E0= -.17680282E+03  d E =-.176800E+03
=========Coordinates/Forces=========
 POSITION                                       TOTAL-FORCE (eV/Angst)
      4.86116      2.72595      9.72516        -0.030548     -0.009329     -0.017823
      5.56656      2.08522     10.26428         0.032799     -0.012561      0.033051
      3.85749      2.61402     10.15017        -0.010073      0.000833      0.003937
      4.84378      2.42562      8.66565        -0.019796     -0.002632      0.030708
      5.17815      3.77225      9.79236         0.012527      0.019409      0.021789
 
=========PATH==========
/home/srr516/alkanes-Pt111/Pt-111/methane/PES-exploration/highEDIFF/correct/21
=========ENERGY========
   1 F= -.17680015E+03 E0= -.17680314E+03  d E =-.176800E+03
=========Coordinates/Forces=========
 POSITION                                       TOTAL-FORCE (eV/Angst)
      4.86116      2.82595      9.72516        -0.022113     -0.009629     -0.016817
      5.56656      2.18522     10.26428         0.032172     -0.011973      0.033596
      3.85749      2.71402     10.15017        -0.010504      0.000954      0.003940
      4.84378      2.52562      8.66565        -0.020199     -0.002553      0.031152
      5.17815      3.87225      9.79236         0.012338      0.019608      0.021098
 
=========PATH==========
/home/srr516/alkanes-Pt111/Pt-111/methane/PES-exploration/highEDIFF/correct/22
=========ENERGY========
   1 F= -.17679971E+03 E0= -.17680270E+03  d E =-.176800E+03
=========Coordinates/Forces=========
 POSITION                                       TOTAL-FORCE (eV/Angst)
      4.86116      2.92595      9.72516        -0.028393     -0.010414     -0.016474
      5.56656      2.28522     10.26428         0.032074     -0.011324      0.034255
      3.85749      2.81402     10.15017        -0.010044      0.000974      0.003980
      4.84378      2.62562      8.66565        -0.020213     -0.002351      0.032869
      5.17815      3.97225      9.79236         0.012847      0.020347      0.020717
 
=========PATH==========
/home/srr516/alkanes-Pt111/Pt-111/methane/PES-exploration/highEDIFF/correct/23
=========ENERGY========
   1 F= -.17679961E+03 E0= -.17680261E+03  d E =-.176800E+03
=========Coordinates/Forces=========
 POSITION                                       TOTAL-FORCE (eV/Angst)
      4.86116      3.02595      9.72516        -0.020344     -0.010539     -0.024491
      5.56656      2.38522     10.26428         0.031900     -0.010616      0.035453
      3.85749      2.91402     10.15017        -0.010766      0.000843      0.004318
      4.84378      2.72562      8.66565        -0.020450     -0.002025      0.035848
      5.17815      4.07225      9.79236         0.012953      0.020710      0.021042
 
=========PATH==========
/home/srr516/alkanes-Pt111/Pt-111/methane/PES-exploration/highEDIFF/correct/24
=========ENERGY========
   1 F= -.17679878E+03 E0= -.17680178E+03  d E =-.176799E+03
=========Coordinates/Forces=========
 POSITION                                       TOTAL-FORCE (eV/Angst)
      4.86116      3.12595      9.72516        -0.026212     -0.010691     -0.026561
      5.56656      2.48522     10.26428         0.031922     -0.009880      0.036134
      3.85749      3.01402     10.15017        -0.010502      0.001202      0.004439
      4.84378      2.82562      8.66565        -0.020624     -0.001648      0.039845
      5.17815      4.17225      9.79236         0.013392      0.021150      0.021476
 
=========PATH==========
/home/srr516/alkanes-Pt111/Pt-111/methane/PES-exploration/highEDIFF/correct/25
=========ENERGY========
   1 F= -.17679851E+03 E0= -.17680152E+03  d E =-.176799E+03
=========Coordinates/Forces=========
 POSITION                                       TOTAL-FORCE (eV/Angst)
      4.86116      3.22595      9.72516        -0.026346     -0.014553     -0.028005
      5.56656      2.58522     10.26428         0.032048     -0.008898      0.036968
      3.85749      3.11402     10.15017        -0.010739      0.001524      0.004438
      4.84378      2.92562      8.66565        -0.020520     -0.000984      0.044270
      5.17815      4.27225      9.79236         0.013726      0.021842      0.022353
 
=========PATH==========
/home/srr516/alkanes-Pt111/Pt-111/methane/PES-exploration/highEDIFF/correct/26
=========ENERGY========
   1 F= -.17679774E+03 E0= -.17680075E+03  d E =-.176798E+03
=========Coordinates/Forces=========
 POSITION                                       TOTAL-FORCE (eV/Angst)
      4.86116      3.32595      9.72516        -0.024979     -0.023675     -0.032616
      5.56656      2.68522     10.26428         0.031990     -0.007857      0.037923
      3.85749      3.21402     10.15017        -0.011049      0.002024      0.004508
      4.84378      3.02562      8.66565        -0.020855     -0.000180      0.049231
      5.17815      4.37225      9.79236         0.013773      0.022665      0.023557
 
=========PATH==========
/home/srr516/alkanes-Pt111/Pt-111/methane/PES-exploration/highEDIFF/correct/27
=========ENERGY========
  10 F= -.17679936E+03 E0= -.17680236E+03  d E =-.834230E-03
=========Coordinates/Forces=========
 POSITION                                       TOTAL-FORCE (eV/Angst)
      5.06116      2.42595      9.74069        -0.009571      0.017760     -0.014506
      5.76656      1.78522     10.27967         0.028311     -0.018201      0.042138
      4.05749      2.31402     10.16404        -0.027776     -0.006158      0.022285
      5.04378      2.12562      8.68269        -0.011867      0.007097      0.014085
      5.37815      3.47225      9.81237         0.009824      0.010914      0.009681
 
=========PATH==========
/home/srr516/alkanes-Pt111/Pt-111/methane/PES-exploration/highEDIFF/correct/28
=========ENERGY========
   1 F= -.17679757E+03 E0= -.17680056E+03  d E =-.176798E+03
=========Coordinates/Forces=========
 POSITION                                       TOTAL-FORCE (eV/Angst)
      5.06116      2.52595      9.72516        -0.027821     -0.018870     -0.038466
      5.76656      1.88522     10.26428         0.032298     -0.011219      0.036207
      4.05749      2.41402     10.15017        -0.010464      0.001250      0.006604
      5.04378      2.22562      8.66565        -0.019098      0.002336      0.049765
      5.37815      3.57225      9.79236         0.012501      0.019386      0.025679
 
=========PATH==========
/home/srr516/alkanes-Pt111/Pt-111/methane/PES-exploration/highEDIFF/correct/29
=========ENERGY========
   1 F= -.17679769E+03 E0= -.17680068E+03  d E =-.176798E+03
=========Coordinates/Forces=========
 POSITION                                       TOTAL-FORCE (eV/Angst)
      5.06116      2.62595      9.72516        -0.025990     -0.008150     -0.038960
      5.76656      1.98522     10.26428         0.032157     -0.011575      0.036418
      4.05749      2.51402     10.15017        -0.010361      0.000794      0.006585
      5.04378      2.32562      8.66565        -0.019082      0.001844      0.048208
      5.37815      3.67225      9.79236         0.012475      0.019474      0.024872
 
=========PATH==========
/home/srr516/alkanes-Pt111/Pt-111/methane/PES-exploration/highEDIFF/correct/30
=========ENERGY========
   1 F= -.17679815E+03 E0= -.17680114E+03  d E =-.176798E+03
=========Coordinates/Forces=========
 POSITION                                       TOTAL-FORCE (eV/Angst)
      5.06116      2.72595      9.72516        -0.018217     -0.025189     -0.031585
      5.76656      2.08522     10.26428         0.031489     -0.010726      0.036416
      4.05749      2.61402     10.15017        -0.010666      0.001536      0.006338
      5.04378      2.42562      8.66565        -0.019446      0.002136      0.047507
      5.37815      3.77225      9.79236         0.012170      0.020192      0.023907
 
=========PATH==========
/home/srr516/alkanes-Pt111/Pt-111/methane/PES-exploration/highEDIFF/correct/31
=========ENERGY========
   1 F= -.17679790E+03 E0= -.17680089E+03  d E =-.176798E+03
=========Coordinates/Forces=========
 POSITION                                       TOTAL-FORCE (eV/Angst)
      5.06116      2.82595      9.72516        -0.023753     -0.018271     -0.034133
      5.76656      2.18522     10.26428         0.031556     -0.010601      0.036803
      4.05749      2.71402     10.15017        -0.010235      0.001324      0.006363
      5.04378      2.52562      8.66565        -0.019372      0.001893      0.047994
      5.37815      3.87225      9.79236         0.012463      0.020670      0.023607
 
=========PATH==========
/home/srr516/alkanes-Pt111/Pt-111/methane/PES-exploration/highEDIFF/correct/32
=========ENERGY========
   1 F= -.17679806E+03 E0= -.17680106E+03  d E =-.176798E+03
=========Coordinates/Forces=========
 POSITION                                       TOTAL-FORCE (eV/Angst)
      5.06116      2.92595      9.72516        -0.028854     -0.015830     -0.036513
      5.76656      2.28522     10.26428         0.031777     -0.009989      0.037570
      4.05749      2.81402     10.15017        -0.010424      0.001298      0.006339
      5.04378      2.62562      8.66565        -0.019284      0.001801      0.049214
      5.37815      3.97225      9.79236         0.012873      0.020788      0.023492
 
=========PATH==========
/home/srr516/alkanes-Pt111/Pt-111/methane/PES-exploration/highEDIFF/correct/33
=========ENERGY========
   9 F= -.17679900E+03 E0= -.17680201E+03  d E =-.325267E-03
=========Coordinates/Forces=========
 POSITION                                       TOTAL-FORCE (eV/Angst)
      5.06116      3.02595      9.73584         0.057154     -0.023386     -0.034996
      5.76656      2.38522     10.27846        -0.009471      0.015977      0.004471
      4.05749      2.91402     10.15553        -0.067117     -0.004184      0.048445
      5.04378      2.72562      8.67662         0.001891      0.002767      0.047690
      5.37815      4.07225      9.80504         0.009445      0.017950      0.016780
 
=========PATH==========
/home/srr516/alkanes-Pt111/Pt-111/methane/PES-exploration/highEDIFF/correct/34
=========ENERGY========
  10 F= -.17679923E+03 E0= -.17680225E+03  d E =-.648964E-03
=========Coordinates/Forces=========
 POSITION                                       TOTAL-FORCE (eV/Angst)
      5.06116      3.12595      9.73736         0.046733     -0.022708      0.002091
      5.76656      2.48522     10.27972        -0.005453      0.013881      0.009324
      4.05749      3.01402     10.15853        -0.052642     -0.003410      0.038185
      5.04378      2.82562      8.67948        -0.002033     -0.002642      0.014325
      5.37815      4.17225      9.80777         0.009371      0.016683      0.013047
 
=========PATH==========
/home/srr516/alkanes-Pt111/Pt-111/methane/PES-exploration/highEDIFF/correct/35
=========ENERGY========
  10 F= -.17679806E+03 E0= -.17680108E+03  d E =-.223808E-03
=========Coordinates/Forces=========
 POSITION                                       TOTAL-FORCE (eV/Angst)
      5.06116      3.22595      9.73416         0.056779     -0.044218     -0.029784
      5.76656      2.58522     10.27730        -0.014170      0.021322     -0.000065
      4.05749      3.11402     10.15400        -0.066273     -0.003362      0.047010
      5.04378      2.92562      8.67537         0.002916      0.001940      0.041552
      5.37815      4.27225      9.80422         0.009559      0.018159      0.014623
 
=========PATH==========
/home/srr516/alkanes-Pt111/Pt-111/methane/PES-exploration/highEDIFF/correct/36
=========ENERGY========
  15 F= -.17679913E+03 E0= -.17680215E+03  d E =-.412264E-03
=========Coordinates/Forces=========
 POSITION                                       TOTAL-FORCE (eV/Angst)
      5.06116      3.32595      9.74509        -0.024940     -0.005412      0.039352
      5.76656      2.68522     10.28560         0.018360     -0.000361      0.028207
      4.05749      3.21402     10.17204         0.007261      0.000161     -0.006935
      5.04378      3.02562      8.68798        -0.019176     -0.001564      0.001558
      5.37815      4.37225      9.81734         0.011163      0.013196      0.008498
 
=========PATH==========
/home/srr516/alkanes-Pt111/Pt-111/methane/PES-exploration/highEDIFF/correct/37
=========ENERGY========
  13 F= -.17679835E+03 E0= -.17680138E+03  d E =-.946481E-03
=========Coordinates/Forces=========
 POSITION                                       TOTAL-FORCE (eV/Angst)
      5.06116      3.42595      9.74249        -0.016359     -0.037455     -0.008008
      5.76656      2.78522     10.28279         0.018443     -0.002537      0.028424
      4.05749      3.31402     10.16818        -0.005921     -0.001435      0.000799
      5.04378      3.12562      8.68381        -0.015233      0.012416      0.046889
      5.37815      4.47225      9.81525         0.010814      0.013603      0.006556
 
=========PATH==========
/home/srr516/alkanes-Pt111/Pt-111/methane/PES-exploration/highEDIFF/correct/38
=========ENERGY========
  10 F= -.17679748E+03 E0= -.17680052E+03  d E =-.487823E-03
=========Coordinates/Forces=========
 POSITION                                       TOTAL-FORCE (eV/Angst)
      5.06116      3.52595      9.73594         0.035043     -0.032429     -0.033312
      5.76656      2.88522     10.27791        -0.001650      0.010852      0.014084
      4.05749      3.41402     10.15717        -0.052857     -0.004508      0.036578
      5.04378      3.22562      8.67724        -0.001631      0.008627      0.049558
      5.37815      4.57225      9.80787         0.009448      0.015033      0.011954
 
=========PATH==========
/home/srr516/alkanes-Pt111/Pt-111/methane/PES-exploration/highEDIFF/correct/39
=========ENERGY========
   7 F= -.17679683E+03 E0= -.17679983E+03  d E =-.228232E-03
=========Coordinates/Forces=========
 POSITION                                       TOTAL-FORCE (eV/Angst)
      5.26116      2.42595      9.73004         0.041680     -0.031958     -0.034041
      5.96656      1.78522     10.27201        -0.001725      0.010715      0.011890
      4.25749      2.31402     10.15126        -0.051751     -0.003126      0.037444
      5.24378      2.12562      8.67121        -0.002267      0.004748      0.047406
      5.57815      3.47225      9.79952         0.009352      0.016411      0.019427
 
=========PATH==========
/home/srr516/alkanes-Pt111/Pt-111/methane/PES-exploration/highEDIFF/correct/40
=========ENERGY========
   7 F= -.17679710E+03 E0= -.17680010E+03  d E =-.212347E-03
=========Coordinates/Forces=========
 POSITION                                       TOTAL-FORCE (eV/Angst)
      5.26116      2.52595      9.72996         0.042073     -0.020926     -0.033347
      5.96656      1.88522     10.27224        -0.004467      0.012598      0.008502
      4.25749      2.41402     10.15123        -0.051534     -0.003716      0.036889
      5.24378      2.22562      8.67107        -0.001516      0.004289      0.047510
      5.57815      3.57225      9.79957         0.009146      0.015756      0.018326
 
=========PATH==========
/home/srr516/alkanes-Pt111/Pt-111/methane/PES-exploration/highEDIFF/correct/41
=========ENERGY========
  13 F= -.17679864E+03 E0= -.17680165E+03  d E =-.736120E-03
=========Coordinates/Forces=========
 POSITION                                       TOTAL-FORCE (eV/Angst)
      5.26116      2.62595      9.74262         0.013859     -0.021183     -0.030055
      5.96656      1.98522     10.28311         0.012454     -0.003564      0.028348
      4.25749      2.51402     10.16533        -0.036025     -0.005109      0.026827
      5.24378      2.32562      8.68401        -0.006986      0.011713      0.040758
      5.57815      3.67225      9.81421         0.009111      0.012600      0.010289
 
=========PATH==========
/home/srr516/alkanes-Pt111/Pt-111/methane/PES-exploration/highEDIFF/correct/42
=========ENERGY========
  12 F= -.17679847E+03 E0= -.17680148E+03  d E =-.814158E-03
=========Coordinates/Forces=========
 POSITION                                       TOTAL-FORCE (eV/Angst)
      5.26116      2.72595      9.74396        -0.030547     -0.020262     -0.012473
      5.96656      2.08522     10.28267         0.033099     -0.016996      0.046502
      4.25749      2.61402     10.16997        -0.001515     -0.002758      0.001222
      5.24378      2.42562      8.68579        -0.018746      0.011801      0.028745
      5.57815      3.77225      9.81591         0.010502      0.012779      0.008489
 
=========PATH==========
/home/srr516/alkanes-Pt111/Pt-111/methane/PES-exploration/highEDIFF/correct/43
=========ENERGY========
  13 F= -.17679899E+03 E0= -.17680201E+03  d E =-.876680E-03
=========Coordinates/Forces=========
 POSITION                                       TOTAL-FORCE (eV/Angst)
      5.26116      2.82595      9.74264         0.007630     -0.016673     -0.015791
      5.96656      2.18522     10.28245         0.019704     -0.007079      0.036645
      4.25749      2.71402     10.16614        -0.027575     -0.003889      0.021378
      5.24378      2.52562      8.68468        -0.011336      0.006631      0.021548
      5.57815      3.87225      9.81374         0.009761      0.014055      0.011697
 
=========PATH==========
/home/srr516/alkanes-Pt111/Pt-111/methane/PES-exploration/highEDIFF/correct/44
=========ENERGY========
  13 F= -.17679867E+03 E0= -.17680169E+03  d E =-.764962E-03
=========Coordinates/Forces=========
 POSITION                                       TOTAL-FORCE (eV/Angst)
      5.26116      2.92595      9.74179         0.010566     -0.027849     -0.015843
      5.96656      2.28522     10.28298         0.007689      0.003965      0.020880
      4.25749      2.81402     10.16558        -0.025560     -0.003009      0.017470
      5.24378      2.62562      8.68317        -0.008902      0.009394      0.043477
      5.57815      3.97225      9.81315         0.009796      0.014268      0.010531
 
=========PATH==========
/home/srr516/alkanes-Pt111/Pt-111/methane/PES-exploration/highEDIFF/correct/45
=========ENERGY========
   5 F= -.17679750E+03 E0= -.17680051E+03  d E =-.797630E-03
=========Coordinates/Forces=========
 POSITION                                       TOTAL-FORCE (eV/Angst)
      5.26116      3.02595      9.72854         0.050660     -0.034441      0.049265
      5.96656      2.38522     10.27262        -0.019485      0.029076     -0.007372
      4.25749      2.91402     10.15071        -0.044427     -0.000793      0.030544
      5.24378      2.72562      8.67163        -0.001052     -0.011325     -0.004326
      5.57815      4.07225      9.79880         0.009456      0.017018      0.014540
 
=========PATH==========
/home/srr516/alkanes-Pt111/Pt-111/methane/PES-exploration/highEDIFF/correct/46
=========ENERGY========
  12 F= -.17679806E+03 E0= -.17680109E+03  d E =-.837716E-03
=========Coordinates/Forces=========
 POSITION                                       TOTAL-FORCE (eV/Angst)
      5.26116      3.12595      9.74292        -0.014130     -0.009100     -0.013712
      5.96656      2.48522     10.28322         0.018558     -0.003775      0.030077
      4.25749      3.01402     10.16870        -0.005261     -0.002710      0.001610
      5.24378      2.82562      8.68428        -0.015100      0.012548      0.049137
      5.57815      4.17225      9.81520         0.010735      0.012338      0.007778
 
=========PATH==========
/home/srr516/alkanes-Pt111/Pt-111/methane/PES-exploration/highEDIFF/correct/47
=========ENERGY========
   7 F= -.17679707E+03 E0= -.17680009E+03  d E =-.201181E-03
=========Coordinates/Forces=========
 POSITION                                       TOTAL-FORCE (eV/Angst)
      5.26116      3.22595      9.73106         0.056209     -0.029970     -0.032182
      5.96656      2.58522     10.27378        -0.009092      0.018719      0.006813
      4.25749      3.11402     10.15128        -0.063076     -0.003538      0.044954
      5.24378      2.92562      8.67244         0.001296      0.002389      0.047224
      5.57815      4.27225      9.80059         0.009946      0.018228      0.018658
 
=========PATH==========
/home/srr516/alkanes-Pt111/Pt-111/methane/PES-exploration/highEDIFF/correct/48
=========ENERGY========
   5 F= -.17679648E+03 E0= -.17679950E+03  d E =-.828616E-03
=========Coordinates/Forces=========
 POSITION                                       TOTAL-FORCE (eV/Angst)
      5.26116      3.32595      9.72882         0.054721     -0.042683      0.046037
      5.96656      2.68522     10.27265        -0.017617      0.028349     -0.003038
      4.25749      3.21402     10.15039        -0.050459     -0.000879      0.035540
      5.24378      3.02562      8.67228        -0.000246     -0.011826     -0.009073
      5.57815      4.37225      9.79951         0.009853      0.017780      0.015498
 
=========PATH==========
/home/srr516/alkanes-Pt111/Pt-111/methane/PES-exploration/highEDIFF/correct/49
=========ENERGY========
   7 F= -.17679648E+03 E0= -.17679951E+03  d E =-.195248E-03
=========Coordinates/Forces=========
 POSITION                                       TOTAL-FORCE (eV/Angst)
      5.26116      3.42595      9.73111         0.062411     -0.030182     -0.035382
      5.96656      2.78522     10.27390        -0.010626      0.019138      0.006652
      4.25749      3.31402     10.15091        -0.067330     -0.004542      0.047908
      5.24378      3.12562      8.67261         0.002827      0.003466      0.046048
      5.57815      4.47225      9.80162         0.009538      0.016811      0.017474
 
=========PATH==========
/home/srr516/alkanes-Pt111/Pt-111/methane/PES-exploration/highEDIFF/correct/50
=========ENERGY========
   5 F= -.17679590E+03 E0= -.17679892E+03  d E =-.283136E-03
=========Coordinates/Forces=========
 POSITION                                       TOTAL-FORCE (eV/Angst)
      5.26116      3.52595      9.72510         0.008579     -0.033446      0.048875
      5.96656      2.88522     10.26679         0.007534      0.014277      0.017042
      4.25749      3.41402     10.15021        -0.012324      0.003231      0.006009
      5.24378      3.22562      8.66834        -0.014957     -0.012810     -0.001843
      5.57815      4.57225      9.79463         0.011933      0.018880      0.022497
 
=========PATH==========
/home/srr516/alkanes-Pt111/Pt-111/methane/PES-exploration/highEDIFF/correct/51
=========ENERGY========
   5 F= -.17679574E+03 E0= -.17679877E+03  d E =-.283321E-03
=========Coordinates/Forces=========
 POSITION                                       TOTAL-FORCE (eV/Angst)
      5.26116      3.62595      9.72506         0.005703     -0.029420      0.047065
      5.96656      2.98522     10.26671         0.008335      0.013993      0.016971
      4.25749      3.51402     10.15014        -0.012589      0.003019      0.005550
      5.24378      3.32562      8.66832        -0.014927     -0.012850     -0.001810
      5.57815      4.67225      9.79471         0.011787      0.018686      0.023487
 
=========PATH==========
/home/srr516/alkanes-Pt111/Pt-111/methane/PES-exploration/highEDIFF/correct/52
=========ENERGY========
   5 F= -.17679627E+03 E0= -.17679929E+03  d E =-.281342E-03
=========Coordinates/Forces=========
 POSITION                                       TOTAL-FORCE (eV/Angst)
      5.26116      3.72595      9.72502         0.008458     -0.019294      0.047764
      5.96656      3.08522     10.26668         0.008473      0.013668      0.016230
      4.25749      3.61402     10.15007        -0.013480      0.002735      0.004853
      5.24378      3.42562      8.66828        -0.014987     -0.013495     -0.002583
      5.57815      4.77225      9.79483         0.011516      0.017340      0.024107
 
=========PATH==========
/home/srr516/alkanes-Pt111/Pt-111/methane/PES-exploration/highEDIFF/correct/53
=========ENERGY========
  11 F= -.17679731E+03 E0= -.17680032E+03  d E =-.369704E-03
=========Coordinates/Forces=========
 POSITION                                       TOTAL-FORCE (eV/Angst)
      5.46116      2.42595      9.73884        -0.011934      0.009928      0.004529
      6.16656      1.78522     10.27806         0.027187     -0.012422      0.043028
      4.45749      2.31402     10.16451        -0.006961     -0.004299      0.003402
      5.44378      2.12562      8.68115        -0.017031      0.008380      0.022411
      5.77815      3.47225      9.81090         0.010172      0.010510      0.011004
 
=========PATH==========
/home/srr516/alkanes-Pt111/Pt-111/methane/PES-exploration/highEDIFF/correct/54
=========ENERGY========
  11 F= -.17679757E+03 E0= -.17680058E+03  d E =-.846960E-03
=========Coordinates/Forces=========
 POSITION                                       TOTAL-FORCE (eV/Angst)
      5.46116      2.52595      9.73931         0.020675     -0.026776     -0.032391
      6.16656      1.88522     10.27939         0.015774     -0.005012      0.034195
      4.45749      2.41402     10.16229        -0.034748     -0.005321      0.023679
      5.44378      2.22562      8.68071        -0.008585      0.013577      0.045494
      5.77815      3.57225      9.81079         0.009243      0.013087      0.012351
 
=========PATH==========
/home/srr516/alkanes-Pt111/Pt-111/methane/PES-exploration/highEDIFF/correct/55
=========ENERGY========
  10 F= -.17679734E+03 E0= -.17680035E+03  d E =-.568132E-03
=========Coordinates/Forces=========
 POSITION                                       TOTAL-FORCE (eV/Angst)
      5.46116      2.62595      9.73654         0.045116     -0.024724     -0.038135
      6.16656      1.98522     10.27795         0.002116      0.006140      0.020839
      4.45749      2.51402     10.15850        -0.046250     -0.005792      0.031868
      5.44378      2.32562      8.67777        -0.003801      0.010865      0.049600
      5.77815      3.67225      9.80768         0.008717      0.013694      0.014033
 
=========PATH==========
/home/srr516/alkanes-Pt111/Pt-111/methane/PES-exploration/highEDIFF/correct/56
=========ENERGY========
   7 F= -.17679708E+03 E0= -.17680008E+03  d E =-.207495E-03
=========Coordinates/Forces=========
 POSITION                                       TOTAL-FORCE (eV/Angst)
      5.46116      2.72595      9.73020         0.053622     -0.043292     -0.036465
      6.16656      2.08522     10.27252        -0.006013      0.016160      0.010751
      4.45749      2.61402     10.15104        -0.057307     -0.003383      0.039115
      5.44378      2.42562      8.67141        -0.000732      0.004367      0.048599
      5.77815      3.77225      9.79931         0.009370      0.017221      0.020299
 
=========PATH==========
/home/srr516/alkanes-Pt111/Pt-111/methane/PES-exploration/highEDIFF/correct/57
=========ENERGY========
  16 F= -.17679877E+03 E0= -.17680178E+03  d E =-.507570E-03
=========Coordinates/Forces=========
 POSITION                                       TOTAL-FORCE (eV/Angst)
      5.46116      2.82595      9.74763         0.007978     -0.033119      0.010096
      6.16656      2.18522     10.28915         0.005643      0.008607      0.019114
      4.45749      2.71402     10.17270        -0.013716     -0.001808      0.006903
      5.44378      2.52562      8.68973        -0.011396      0.005270      0.028622
      5.77815      3.87225      9.81916         0.009967      0.013608      0.011608
 
=========PATH==========
/home/srr516/alkanes-Pt111/Pt-111/methane/PES-exploration/highEDIFF/correct/58
=========ENERGY========
  21 F= -.17679945E+03 E0= -.17680244E+03  d E =-.309766E-03
=========Coordinates/Forces=========
 POSITION                                       TOTAL-FORCE (eV/Angst)
      5.46116      2.92595      9.75341         0.012115     -0.030627     -0.029502
      6.16656      2.28522     10.29469         0.007459      0.008487      0.022357
      4.45749      2.81402     10.17749        -0.023062     -0.001429      0.015317
      5.44378      2.62562      8.69482        -0.010450      0.006321      0.047726
      5.77815      3.97225      9.82322         0.010981      0.016561      0.018986
 
=========PATH==========
/home/srr516/alkanes-Pt111/Pt-111/methane/PES-exploration/highEDIFF/correct/59
=========ENERGY========
  14 F= -.17679812E+03 E0= -.17680113E+03  d E =-.251811E-03
=========Coordinates/Forces=========
 POSITION                                       TOTAL-FORCE (eV/Angst)
      5.46116      3.02595      9.74376        -0.007606     -0.002276      0.046729
      6.16656      2.38522     10.28460         0.012972      0.001682      0.026506
      4.45749      2.91402     10.17021         0.000384     -0.002991     -0.003963
      5.44378      2.72562      8.68702        -0.015199      0.002253     -0.001140
      5.77815      4.07225      9.81701         0.010205      0.009643      0.003905
 
=========PATH==========
/home/srr516/alkanes-Pt111/Pt-111/methane/PES-exploration/highEDIFF/correct/60
=========ENERGY========
  14 F= -.17679820E+03 E0= -.17680122E+03  d E =-.244577E-03
=========Coordinates/Forces=========
 POSITION                                       TOTAL-FORCE (eV/Angst)
      5.46116      3.12595      9.74383        -0.014048     -0.011342      0.041644
      6.16656      2.48522     10.28468         0.013223      0.002416      0.025764
      4.45749      3.01402     10.17046         0.002458     -0.002727     -0.005694
      5.44378      2.82562      8.68675        -0.015417      0.004761      0.009391
      5.77815      4.17225      9.81723         0.010663      0.010037      0.003903
 
=========PATH==========
/home/srr516/alkanes-Pt111/Pt-111/methane/PES-exploration/highEDIFF/correct/61
=========ENERGY========
  16 F= -.17679802E+03 E0= -.17680103E+03  d E =-.563274E-03
=========Coordinates/Forces=========
 POSITION                                       TOTAL-FORCE (eV/Angst)
      5.46116      3.22595      9.74726         0.000390     -0.010958      0.025143
      6.16656      2.58522     10.28718         0.020889     -0.003387      0.038218
      4.45749      3.11402     10.17267        -0.009597     -0.002496      0.006019
      5.44378      2.92562      8.69035        -0.015544      0.001849      0.003825
      5.77815      4.27225      9.81920         0.011284      0.013421      0.011249
 
=========PATH==========
/home/srr516/alkanes-Pt111/Pt-111/methane/PES-exploration/highEDIFF/correct/62
=========ENERGY========
   7 F= -.17679637E+03 E0= -.17679939E+03  d E =-.198606E-03
=========Coordinates/Forces=========
 POSITION                                       TOTAL-FORCE (eV/Angst)
      5.46116      3.32595      9.73102         0.071100     -0.028202     -0.036162
      6.16656      2.68522     10.27409        -0.013504      0.021767      0.005456
      4.45749      3.21402     10.15081        -0.068643     -0.005260      0.048157
      5.44378      3.02562      8.67269         0.003822      0.003105      0.044255
      5.77815      4.37225      9.80144         0.009698      0.016451      0.017746
 
=========PATH==========
/home/srr516/alkanes-Pt111/Pt-111/methane/PES-exploration/highEDIFF/correct/63
=========ENERGY========
   5 F= -.17679554E+03 E0= -.17679855E+03  d E =-.274974E-03
=========Coordinates/Forces=========
 POSITION                                       TOTAL-FORCE (eV/Angst)
      5.46116      3.42595      9.72495         0.011531     -0.034990      0.045685
      6.16656      2.78522     10.26674         0.006323      0.015694      0.017325
      4.45749      3.31402     10.15020        -0.011402      0.002428      0.005338
      5.44378      3.12562      8.66822        -0.014488     -0.011778     -0.000637
      5.77815      4.47225      9.79451         0.012331      0.018699      0.022253
 
=========PATH==========
/home/srr516/alkanes-Pt111/Pt-111/methane/PES-exploration/highEDIFF/correct/64
=========ENERGY========
  45 F= -.17680561E+03 E0= -.17680861E+03  d E =-.596444E-03
=========Coordinates/Forces=========
 POSITION                                       TOTAL-FORCE (eV/Angst)
      5.46116      3.52595      9.84161        -0.000053     -0.022728      0.028439
      6.16656      2.88522     10.38309         0.005772      0.011618      0.024844
      4.45749      3.41402     10.26722        -0.006175     -0.000488      0.006825
      5.44378      3.22562      8.78588        -0.013412     -0.002473     -0.020410
      5.77815      4.57225      9.91426         0.010725      0.011895      0.014242
 
=========PATH==========
/home/srr516/alkanes-Pt111/Pt-111/methane/PES-exploration/highEDIFF/correct/65
=========ENERGY========
   5 F= -.17679589E+03 E0= -.17679891E+03  d E =-.290836E-03
=========Coordinates/Forces=========
 POSITION                                       TOTAL-FORCE (eV/Angst)
      5.46116      3.62595      9.72503         0.005438     -0.031969      0.048011
      6.16656      2.98522     10.26674         0.007872      0.014900      0.017168
      4.45749      3.51402     10.15013        -0.012776      0.002536      0.005436
      5.44378      3.32562      8.66836        -0.014391     -0.012668     -0.001967
      5.77815      4.67225      9.79475         0.012368      0.017804      0.023978
 
=========PATH==========
/home/srr516/alkanes-Pt111/Pt-111/methane/PES-exploration/highEDIFF/correct/66
=========ENERGY========
   5 F= -.17679641E+03 E0= -.17679943E+03  d E =-.841069E-03
=========Coordinates/Forces=========
 POSITION                                       TOTAL-FORCE (eV/Angst)
      5.46116      3.72595      9.72863         0.063105     -0.029479      0.047847
      6.16656      3.08522     10.27206        -0.014044      0.023932      0.000986
      4.45749      3.61402     10.14958        -0.057792     -0.003622      0.038515
      5.44378      3.42562      8.67236         0.001218     -0.009921     -0.014224
      5.77815      4.77225      9.80085         0.009120      0.013686      0.015069
 
=========PATH==========
/home/srr516/alkanes-Pt111/Pt-111/methane/PES-exploration/highEDIFF/correct/67
=========ENERGY========
   5 F= -.17679706E+03 E0= -.17680007E+03  d E =-.863418E-03
=========Coordinates/Forces=========
 POSITION                                       TOTAL-FORCE (eV/Angst)
      5.46116      3.82595      9.72896         0.067743     -0.015240      0.041437
      6.16656      3.18522     10.27223        -0.012918      0.021237      0.000969
      4.45749      3.71402     10.14945        -0.062937     -0.005136      0.040823
      5.44378      3.52562      8.67232         0.002445     -0.007205     -0.006788
      5.77815      4.87225      9.80155         0.008620      0.011712      0.014270
 
=========PATH==========
/home/srr516/alkanes-Pt111/Pt-111/methane/PES-exploration/highEDIFF/correct/68
=========ENERGY========
  17 F= -.17679895E+03 E0= -.17680196E+03  d E =-.617309E-03
=========Coordinates/Forces=========
 POSITION                                       TOTAL-FORCE (eV/Angst)
      5.46116      3.92595      9.74602        -0.010821      0.021397      0.048982
      6.16656      3.28522     10.28581         0.024895     -0.008812      0.035643
      4.45749      3.81402     10.17184        -0.006472     -0.004495     -0.000604
      5.44378      3.62562      8.68964        -0.016444     -0.000072     -0.015301
      5.77815      4.97225      9.82048         0.010078      0.006242      0.007835
 
=========PATH==========
/home/srr516/alkanes-Pt111/Pt-111/methane/PES-exploration/highEDIFF/correct/69
=========ENERGY========
  11 F= -.17679889E+03 E0= -.17680189E+03  d E =-.654901E-03
=========Coordinates/Forces=========
 POSITION                                       TOTAL-FORCE (eV/Angst)
      5.46116      4.02595      9.73617         0.012980      0.004036     -0.010537
      6.16656      3.38522     10.27700         0.012707     -0.004192      0.020117
      4.45749      3.91402     10.15965        -0.031735     -0.008347      0.013481
      5.44378      3.72562      8.67730        -0.006668      0.017533      0.049152
      5.77815      5.07225      9.81169         0.008460      0.004170      0.003119
 
