=========PATH==========
/home/srr516/alkanes-Pt111/Pt-111/methane/fromComet/methane_0.015/0
=========ENERGY========
   1 F= -.17680343E+03 E0= -.17680640E+03  d E =0.890469E-02
=========Coordinates/Forces=========
 POSITION                                       TOTAL-FORCE (eV/Angst)
      3.86219      2.52972      8.51330         0.002491     -0.167384     -0.052060
      4.56570      1.88920      9.05759         0.034572      0.022227     -0.000097
      2.86044      2.40819      8.93606        -0.076496      0.025258      0.026775
      3.83943      2.21490      7.45409         0.023525      0.066695      0.093348
      4.17372      3.57563      8.58157         0.024450      0.056467     -0.008648
 
=========PATH==========
/home/srr516/alkanes-Pt111/Pt-111/methane/fromComet/methane_0.015/1
=========ENERGY========
   1 F= -.17680291E+03 E0= -.17680588E+03  d E =0.890116E-02
=========Coordinates/Forces=========
 POSITION                                       TOTAL-FORCE (eV/Angst)
      3.86240      2.52996      8.51342        -0.159495      0.182404      0.070930
      4.56968      1.89243      9.05020         0.059430     -0.056700      0.052754
      2.85198      2.41135      8.93781         0.184989      0.047423     -0.067523
      3.84189      2.23257      7.45341        -0.002315     -0.018553     -0.016323
      4.18232      3.58133      8.58112        -0.073976     -0.150708      0.021075
 
=========PATH==========
/home/srr516/alkanes-Pt111/Pt-111/methane/fromComet/methane_0.015/2
=========ENERGY========
   1 F= -.17680216E+03 E0= -.17680513E+03  d E =0.890501E-02
=========Coordinates/Forces=========
 POSITION                                       TOTAL-FORCE (eV/Angst)
      3.86241      2.53174      8.51527        -0.108021     -0.369147      0.110838
      4.57219      1.88594      9.05327        -0.076524      0.100265     -0.009223
      2.85371      2.41575      8.94420         0.175902      0.023922     -0.093816
      3.84870      2.21784      7.45802        -0.049054      0.042227      0.023915
      4.17918      3.57146      8.57945         0.064316      0.208060      0.024787
 
=========PATH==========
/home/srr516/alkanes-Pt111/Pt-111/methane/fromComet/methane_0.015/3
=========ENERGY========
   1 F= -.17680297E+03 E0= -.17680593E+03  d E =0.890356E-02
=========Coordinates/Forces=========
 POSITION                                       TOTAL-FORCE (eV/Angst)
      3.86063      2.52316      8.51268         0.104242      0.290088      0.169776
      4.56521      1.88336      9.05285         0.032991     -0.041976      0.017778
      2.85972      2.42373      8.94189        -0.079134     -0.033887      0.011090
      3.83792      2.23120      7.45636        -0.018981     -0.076617     -0.142383
      4.18523      3.57259      8.58271        -0.029366     -0.133411      0.006075
 
=========PATH==========
/home/srr516/alkanes-Pt111/Pt-111/methane/fromComet/methane_0.015/4
=========ENERGY========
   1 F= -.17680191E+03 E0= -.17680488E+03  d E =0.890164E-02
=========Coordinates/Forces=========
 POSITION                                       TOTAL-FORCE (eV/Angst)
      3.86311      2.52852      8.51427        -0.341775      0.010759      0.116740
      4.56651      1.89020      9.05042         0.118030     -0.092416      0.097817
      2.85061      2.41057      8.94224         0.267347      0.058332     -0.125597
      3.84553      2.23027      7.45681        -0.030390     -0.046724     -0.081126
      4.18186      3.57271      8.57818        -0.003514      0.072413      0.052740
 
=========PATH==========
/home/srr516/alkanes-Pt111/Pt-111/methane/fromComet/methane_0.015/5
=========ENERGY========
   1 F= -.17680254E+03 E0= -.17680551E+03  d E =0.890468E-02
=========Coordinates/Forces=========
 POSITION                                       TOTAL-FORCE (eV/Angst)
      3.86116      2.52182      8.51294        -0.076393     -0.031561      0.021280
      4.56847      1.88890      9.05116         0.102126     -0.094560      0.084788
      2.86053      2.41480      8.94344        -0.052262     -0.031160     -0.009396
      3.84238      2.22170      7.45615        -0.038320     -0.054785     -0.073347
      4.17500      3.56304      8.57458         0.076299      0.215529      0.037668
 
=========PATH==========
/home/srr516/alkanes-Pt111/Pt-111/methane/fromComet/methane_0.015/6
=========ENERGY========
   1 F= -.17680149E+03 E0= -.17680446E+03  d E =0.890391E-02
=========Coordinates/Forces=========
 POSITION                                       TOTAL-FORCE (eV/Angst)
      3.86126      2.51815      8.51005        -0.010867      0.463322      0.139139
      4.56720      1.89178      9.05580         0.124205     -0.137338      0.068894
      2.85876      2.41255      8.94265         0.014097     -0.005574     -0.045106
      3.84196      2.21984      7.45375        -0.018533     -0.064213     -0.085836
      4.18272      3.57340      8.57620        -0.093505     -0.252353     -0.011447
 
=========PATH==========
/home/srr516/alkanes-Pt111/Pt-111/methane/fromComet/methane_0.015/7
=========ENERGY========
   1 F= -.17680183E+03 E0= -.17680480E+03  d E =0.890295E-02
=========Coordinates/Forces=========
 POSITION                                       TOTAL-FORCE (eV/Angst)
      3.86523      2.53177      8.50937         0.027564     -0.304006      0.348612
      4.56927      1.88198      9.05223        -0.047735      0.121347     -0.081082
      2.86542      2.40851      8.94122        -0.032870      0.036321     -0.022831
      3.84141      2.22619      7.45794        -0.002830     -0.023812     -0.189041
      4.17882      3.57254      8.58573         0.064387      0.173116      0.006750
 
=========PATH==========
/home/srr516/alkanes-Pt111/Pt-111/methane/fromComet/methane_0.015/8
=========ENERGY========
   1 F= -.17680212E+03 E0= -.17680509E+03  d E =0.890650E-02
=========Coordinates/Forces=========
 POSITION                                       TOTAL-FORCE (eV/Angst)
      3.85830      2.52258      8.51738         0.206404      0.067406     -0.173165
      4.56886      1.88504      9.04950         0.032505     -0.060159      0.085298
      2.85990      2.42159      8.93746        -0.232663     -0.086923      0.089306
      3.84621      2.22891      7.45494        -0.049549     -0.021871      0.020911
      4.17533      3.56622      8.58385         0.057548      0.107778      0.032336
 
=========PATH==========
/home/srr516/alkanes-Pt111/Pt-111/methane/fromComet/methane_0.015/9
=========ENERGY========
   1 F= -.17680294E+03 E0= -.17680591E+03  d E =0.890173E-02
=========Coordinates/Forces=========
 POSITION                                       TOTAL-FORCE (eV/Angst)
      3.86199      2.52882      8.51295        -0.189191     -0.183266      0.007355
      4.56623      1.87928      9.04905        -0.015837      0.077156     -0.009652
      2.85219      2.41454      8.93931         0.165869      0.025704     -0.068590
      3.83618      2.22485      7.45080        -0.002210      0.026929      0.088294
      4.17558      3.57422      8.57666         0.050150      0.057265      0.041156
 
=========PATH==========
/home/srr516/alkanes-Pt111/Pt-111/methane/fromComet/methane_0.015/10
=========ENERGY========
   1 F= -.17680251E+03 E0= -.17680548E+03  d E =0.890324E-02
=========Coordinates/Forces=========
 POSITION                                       TOTAL-FORCE (eV/Angst)
      3.86004      2.52583      8.51199         0.196388      0.192670      0.065096
      4.56969      1.89179      9.05303         0.009824     -0.035670      0.024211
      2.86046      2.42266      8.93319        -0.188399     -0.065068      0.067774
      3.84607      2.23478      7.45444        -0.026757     -0.085592     -0.123714
      4.17575      3.57374      8.57851         0.017375     -0.002090      0.029996
 
=========PATH==========
/home/srr516/alkanes-Pt111/Pt-111/methane/fromComet/methane_0.015/11
=========ENERGY========
   1 F= -.17679895E+03 E0= -.17680192E+03  d E =0.890199E-02
=========Coordinates/Forces=========
 POSITION                                       TOTAL-FORCE (eV/Angst)
      3.86741      2.51910      8.51322        -0.376209      0.561654      0.132626
      4.56362      1.88645      9.04919         0.293894     -0.241989      0.204112
      2.85917      2.41568      8.94228         0.111957     -0.030340     -0.078654
      3.84480      2.23271      7.45766        -0.019323     -0.100770     -0.207722
      4.17721      3.57427      8.58528        -0.001420     -0.183852      0.012370
 
=========PATH==========
/home/srr516/alkanes-Pt111/Pt-111/methane/fromComet/methane_0.015/12
=========ENERGY========
   1 F= -.17680039E+03 E0= -.17680336E+03  d E =0.890885E-02
=========Coordinates/Forces=========
 POSITION                                       TOTAL-FORCE (eV/Angst)
      3.86035      2.53191      8.51458         0.165141     -0.425663     -0.170201
      4.56395      1.88443      9.05651        -0.038892      0.070218     -0.031134
      2.86261      2.42390      8.93998        -0.199679     -0.042018      0.025180
      3.84903      2.22506      7.44879        -0.045104      0.069027      0.213934
      4.17733      3.56718      8.58534         0.129743      0.333256      0.020382
 
=========PATH==========
/home/srr516/alkanes-Pt111/Pt-111/methane/fromComet/methane_0.015/13
=========ENERGY========
   1 F= -.17680125E+03 E0= -.17680422E+03  d E =0.890323E-02
=========Coordinates/Forces=========
 POSITION                                       TOTAL-FORCE (eV/Angst)
      3.86062      2.52025      8.51541         0.006642      0.160370      0.227641
      4.56723      1.88302      9.05041         0.082097     -0.084182      0.088222
      2.85861      2.41519      8.94239        -0.053014     -0.035934     -0.006383
      3.84771      2.23325      7.46296        -0.060021     -0.139878     -0.307117
      4.17930      3.56370      8.58171         0.037931      0.103066      0.059554
 
=========PATH==========
/home/srr516/alkanes-Pt111/Pt-111/methane/fromComet/methane_0.015/14
=========ENERGY========
   1 F= -.17680169E+03 E0= -.17680466E+03  d E =0.890475E-02
=========Coordinates/Forces=========
 POSITION                                       TOTAL-FORCE (eV/Angst)
      3.85609      2.52413      8.50780         0.163453      0.073263      0.438513
      4.56766      1.88617      9.05538        -0.101912      0.068037     -0.095378
      2.85383      2.41273      8.94205         0.039617     -0.002815     -0.083788
      3.84662      2.23199      7.45343        -0.052446     -0.091147     -0.193150
      4.17873      3.57081      8.58458        -0.036714     -0.041817      0.002350
 
=========PATH==========
/home/srr516/alkanes-Pt111/Pt-111/methane/fromComet/methane_0.015/15
=========ENERGY========
   1 F= -.17679992E+03 E0= -.17680289E+03  d E =0.890164E-02
=========Coordinates/Forces=========
 POSITION                                       TOTAL-FORCE (eV/Angst)
      3.86416      2.52133      8.51692        -0.186846      0.557643      0.097884
      4.56298      1.88464      9.05562         0.187316     -0.119444      0.126499
      2.85491      2.40987      8.94134         0.118113      0.016067     -0.072712
      3.84770      2.23031      7.45937        -0.022959     -0.074906     -0.126642
      4.17900      3.58214      8.58287        -0.086899     -0.376085      0.032538
 
=========PATH==========
/home/srr516/alkanes-Pt111/Pt-111/methane/fromComet/methane_0.015/16
=========ENERGY========
   1 F= -.17680210E+03 E0= -.17680507E+03  d E =0.890541E-02
=========Coordinates/Forces=========
 POSITION                                       TOTAL-FORCE (eV/Angst)
      3.85792      2.52702      8.51444         0.312543      0.144702     -0.241843
      4.57105      1.89405      9.05371         0.007265     -0.022509      0.016787
      2.86135      2.41288      8.93739        -0.215578     -0.010930      0.082333
      3.84209      2.22219      7.44911        -0.016641      0.036425      0.185498
      4.17989      3.57813      8.57507        -0.073986     -0.141934      0.015101
 
=========PATH==========
/home/srr516/alkanes-Pt111/Pt-111/methane/fromComet/methane_0.015/17
=========ENERGY========
   1 F= -.17680111E+03 E0= -.17680408E+03  d E =0.890223E-02
=========Coordinates/Forces=========
 POSITION                                       TOTAL-FORCE (eV/Angst)
      3.86069      2.52243      8.50989         0.161670      0.249278      0.445625
      4.57035      1.88613      9.05685        -0.060668      0.054817     -0.032436
      2.85808      2.41529      8.93542        -0.051588     -0.028081      0.025273
      3.84066      2.21730      7.46383        -0.002553     -0.085303     -0.345623
      4.17590      3.57618      8.58027        -0.034561     -0.188314     -0.028246
 
=========PATH==========
/home/srr516/alkanes-Pt111/Pt-111/methane/fromComet/methane_0.015/18
=========ENERGY========
   1 F= -.17680223E+03 E0= -.17680520E+03  d E =0.890578E-02
=========Coordinates/Forces=========
 POSITION                                       TOTAL-FORCE (eV/Angst)
      3.85903      2.52904      8.51752         0.206155     -0.227413     -0.106100
      4.57128      1.88545      9.05124        -0.064447      0.044165     -0.002093
      2.85964      2.42132      8.93996        -0.159774     -0.046426      0.053313
      3.84658      2.23353      7.45442        -0.050718     -0.015981      0.050889
      4.17859      3.56718      8.58238         0.079550      0.248487      0.057027
 
=========PATH==========
/home/srr516/alkanes-Pt111/Pt-111/methane/fromComet/methane_0.015/19
=========ENERGY========
   1 F= -.17680270E+03 E0= -.17680567E+03  d E =0.890238E-02
=========Coordinates/Forces=========
 POSITION                                       TOTAL-FORCE (eV/Angst)
      3.86383      2.52234      8.52000        -0.308690      0.153013     -0.069361
      4.56711      1.88499      9.05581         0.123042     -0.082188      0.120251
      2.85159      2.41602      8.94420         0.195270      0.002069     -0.070608
      3.84137      2.22037      7.46006        -0.017486     -0.026235      0.016956
      4.17672      3.57242      8.57412         0.018837     -0.043412      0.056724
 
=========PATH==========
/home/srr516/alkanes-Pt111/Pt-111/methane/fromComet/methane_0.015/20
=========ENERGY========
   1 F= -.17680266E+03 E0= -.17680563E+03  d E =0.890497E-02
=========Coordinates/Forces=========
 POSITION                                       TOTAL-FORCE (eV/Angst)
      3.85945      2.52754      8.51416         0.158585     -0.101688      0.012020
      4.56708      1.89240      9.05572         0.042868     -0.042509      0.036962
      2.86282      2.41470      8.93835        -0.213576     -0.008578      0.081141
      3.84103      2.22011      7.45963        -0.012890     -0.027919     -0.088828
      4.17914      3.56788      8.57709         0.034484      0.184117      0.020531
 
=========PATH==========
/home/srr516/alkanes-Pt111/Pt-111/methane/fromComet/methane_0.015/21
=========ENERGY========
   1 F= -.17680143E+03 E0= -.17680440E+03  d E =0.890721E-02
=========Coordinates/Forces=========
 POSITION                                       TOTAL-FORCE (eV/Angst)
      3.85490      2.52347      8.52086         0.306752      0.265885     -0.288406
      4.56978      1.88999      9.05510        -0.002389     -0.050674      0.060114
      2.85427      2.41419      8.94003        -0.143776     -0.021521      0.071257
      3.84319      2.22145      7.45389        -0.033095      0.046655      0.201074
      4.18262      3.57627      8.58309        -0.114005     -0.232777      0.009414
 
=========PATH==========
/home/srr516/alkanes-Pt111/Pt-111/methane/fromComet/methane_0.015/22
=========ENERGY========
   1 F= -.17680094E+03 E0= -.17680391E+03  d E =0.890516E-02
=========Coordinates/Forces=========
 POSITION                                       TOTAL-FORCE (eV/Angst)
      3.85481      2.52213      8.51475         0.378947      0.236279     -0.110296
      4.56162      1.88892      9.05710         0.052084     -0.073424      0.048400
      2.86004      2.41918      8.93310        -0.358024     -0.049909      0.130867
      3.84453      2.22794      7.45554        -0.034604     -0.074780     -0.054672
      4.17952      3.56883      8.57542        -0.025202     -0.029508      0.044904
 
=========PATH==========
/home/srr516/alkanes-Pt111/Pt-111/methane/fromComet/methane_0.015/23
=========ENERGY========
   1 F= -.17680195E+03 E0= -.17680492E+03  d E =0.890247E-02
=========Coordinates/Forces=========
 POSITION                                       TOTAL-FORCE (eV/Angst)
      3.86539      2.52515      8.51159        -0.213437      0.225278      0.152977
      4.57373      1.88701      9.04850         0.031768     -0.013470      0.060107
      2.85348      2.41598      8.94160         0.249716     -0.007957     -0.120670
      3.84750      2.22302      7.45337        -0.034130     -0.000370     -0.027506
      4.17760      3.58008      8.58025        -0.025919     -0.199324     -0.005101
 
=========PATH==========
/home/srr516/alkanes-Pt111/Pt-111/methane/fromComet/methane_0.015/24
=========ENERGY========
   1 F= -.17680252E+03 E0= -.17680549E+03  d E =0.890531E-02
=========Coordinates/Forces=========
 POSITION                                       TOTAL-FORCE (eV/Angst)
      3.86378      2.52756      8.51237         0.063365     -0.242738      0.315230
      4.57306      1.88424      9.05933        -0.109110      0.137187     -0.099605
      2.86162      2.41327      8.94354         0.001996     -0.020456     -0.049904
      3.84828      2.22379      7.45781        -0.027874     -0.024617     -0.106219
      4.17232      3.57099      8.58668         0.082534      0.153431      0.002011
 
=========PATH==========
/home/srr516/alkanes-Pt111/Pt-111/methane/fromComet/methane_0.015/25
=========ENERGY========
   1 F= -.17680067E+03 E0= -.17680364E+03  d E =0.890773E-02
=========Coordinates/Forces=========
 POSITION                                       TOTAL-FORCE (eV/Angst)
      3.85457      2.51962      8.51975         0.140640      0.268166     -0.429129
      4.56635      1.89139      9.04898         0.159807     -0.184953      0.184157
      2.85587      2.41105      8.93961        -0.196449     -0.045742      0.082327
      3.84323      2.21934      7.45274        -0.047152      0.032706      0.187867
      4.17483      3.56888      8.57915        -0.041488     -0.064796      0.027788
 
=========PATH==========
/home/srr516/alkanes-Pt111/Pt-111/methane/fromComet/methane_0.015/26
=========ENERGY========
   1 F= -.17680138E+03 E0= -.17680435E+03  d E =0.890364E-02
=========Coordinates/Forces=========
 POSITION                                       TOTAL-FORCE (eV/Angst)
      3.86311      2.53201      8.51042        -0.059209     -0.328037      0.223187
      4.56368      1.88571      9.05145         0.023687      0.001484      0.013881
      2.86027      2.41747      8.93610        -0.033739      0.019418     -0.006234
      3.84408      2.22672      7.45856        -0.014033     -0.029617     -0.185640
      4.18380      3.56573      8.58458         0.094612      0.342139      0.017166
 
=========PATH==========
/home/srr516/alkanes-Pt111/Pt-111/methane/fromComet/methane_0.015/27
=========ENERGY========
   1 F= -.17680208E+03 E0= -.17680505E+03  d E =0.890188E-02
=========Coordinates/Forces=========
 POSITION                                       TOTAL-FORCE (eV/Angst)
      3.86377      2.52136      8.51629        -0.146226      0.343215      0.066776
      4.56468      1.87764      9.05335         0.064217     -0.039514      0.069039
      2.85122      2.41751      8.93897         0.178336      0.002661     -0.078290
      3.84640      2.22832      7.45566        -0.025654     -0.037467     -0.029762
      4.18593      3.57601      8.58275        -0.060993     -0.265982      0.030227
 
=========PATH==========
/home/srr516/alkanes-Pt111/Pt-111/methane/fromComet/methane_0.015/28
=========ENERGY========
   1 F= -.17679986E+03 E0= -.17680283E+03  d E =0.890442E-02
=========Coordinates/Forces=========
 POSITION                                       TOTAL-FORCE (eV/Angst)
      3.85841      2.52958      8.50947         0.479452     -0.099480      0.366620
      4.57240      1.88176      9.05821        -0.238382      0.253461     -0.190125
      2.86284      2.41860      8.93773        -0.211750     -0.039240      0.050061
      3.84449      2.22667      7.45643        -0.029530     -0.043175     -0.159531
      4.17453      3.57838      8.58192         0.011259     -0.066406     -0.002565
 
=========PATH==========
/home/srr516/alkanes-Pt111/Pt-111/methane/fromComet/methane_0.015/29
=========ENERGY========
   1 F= -.17680257E+03 E0= -.17680554E+03  d E =0.890169E-02
=========Coordinates/Forces=========
 POSITION                                       TOTAL-FORCE (eV/Angst)
      3.86278      2.53161      8.51291        -0.113844     -0.254295      0.292037
      4.56570      1.88516      9.06090        -0.083509      0.100850     -0.067600
      2.85062      2.41453      8.93407         0.181031      0.057202     -0.067997
      3.84507      2.22336      7.45951         0.005734     -0.021393     -0.119147
      4.18324      3.57283      8.58133         0.020172      0.124410      0.022326
 
=========PATH==========
/home/srr516/alkanes-Pt111/Pt-111/methane/fromComet/methane_0.015/30
=========ENERGY========
   1 F= -.17680161E+03 E0= -.17680457E+03  d E =0.890507E-02
=========Coordinates/Forces=========
 POSITION                                       TOTAL-FORCE (eV/Angst)
      3.85873      2.51914      8.51623        -0.000231      0.456794      0.074462
      4.56973      1.88915      9.05111         0.116028     -0.113320      0.109903
      2.85590      2.40837      8.94879         0.048211     -0.009035     -0.056127
      3.84417      2.22352      7.45841        -0.054022     -0.050099     -0.080295
      4.17741      3.57601      8.58152        -0.093168     -0.279252      0.010739
 
=========PATH==========
/home/srr516/alkanes-Pt111/Pt-111/methane/fromComet/methane_0.015/31
=========ENERGY========
   1 F= -.17680280E+03 E0= -.17680577E+03  d E =0.890499E-02
=========Coordinates/Forces=========
 POSITION                                       TOTAL-FORCE (eV/Angst)
      3.85588      2.52883      8.51593         0.169025     -0.045787     -0.148888
      4.56304      1.88718      9.04821         0.081117     -0.027560      0.067752
      2.86039      2.41014      8.94063        -0.222347      0.002533      0.077574
      3.83723      2.22603      7.45601        -0.028641      0.000751      0.013697
      4.17359      3.57305      8.57767         0.016773      0.075230      0.047795
 
=========PATH==========
/home/srr516/alkanes-Pt111/Pt-111/methane/fromComet/methane_0.015/32
=========ENERGY========
   1 F= -.17680301E+03 E0= -.17680598E+03  d E =0.890378E-02
=========Coordinates/Forces=========
 POSITION                                       TOTAL-FORCE (eV/Angst)
      3.85904      2.52557      8.51768        -0.157865      0.024672      0.012427
      4.55710      1.88224      9.05229         0.149515     -0.106305      0.120143
      2.85311      2.41360      8.93914         0.003722      0.013730     -0.013038
      3.84202      2.23048      7.46048        -0.025545     -0.051719     -0.117090
      4.17874      3.56727      8.58515         0.039162      0.125122      0.053143
 
=========PATH==========
/home/srr516/alkanes-Pt111/Pt-111/methane/fromComet/methane_0.015/33
=========ENERGY========
   1 F= -.17680229E+03 E0= -.17680526E+03  d E =0.890642E-02
=========Coordinates/Forces=========
 POSITION                                       TOTAL-FORCE (eV/Angst)
      3.85875      2.53449      8.51430         0.201889     -0.361806      0.091665
      4.56148      1.88559      9.06033        -0.061992      0.119459     -0.065996
      2.85982      2.41438      8.93782        -0.152786      0.025693      0.020703
      3.84782      2.22311      7.45764        -0.026938      0.028719     -0.005269
      4.17890      3.57328      8.58515         0.048932      0.190738      0.018305
 
=========PATH==========
/home/srr516/alkanes-Pt111/Pt-111/methane/fromComet/methane_0.015/34
=========ENERGY========
   1 F= -.17680188E+03 E0= -.17680485E+03  d E =0.890520E-02
=========Coordinates/Forces=========
 POSITION                                       TOTAL-FORCE (eV/Angst)
      3.85947      2.51745      8.51771         0.176686      0.365424     -0.167323
      4.56905      1.88696      9.06044         0.052114     -0.058183      0.016188
      2.85900      2.40819      8.94063        -0.131965     -0.033974      0.028260
      3.84516      2.22859      7.45037        -0.017301     -0.037575      0.141977
      4.17454      3.57378      8.58150        -0.063651     -0.230883      0.035018
 
=========PATH==========
/home/srr516/alkanes-Pt111/Pt-111/methane/fromComet/methane_0.015/35
=========ENERGY========
   1 F= -.17680197E+03 E0= -.17680494E+03  d E =0.890740E-02
=========Coordinates/Forces=========
 POSITION                                       TOTAL-FORCE (eV/Angst)
      3.85967      2.53066      8.51545         0.228192     -0.303932     -0.191392
      4.56935      1.88627      9.05443        -0.083700      0.055651     -0.026069
      2.85872      2.41913      8.93632        -0.127267     -0.011254      0.036990
      3.84892      2.22304      7.44899        -0.034517      0.080569      0.226935
      4.18558      3.56867      8.58467         0.028330      0.183088      0.011846
 
=========PATH==========
/home/srr516/alkanes-Pt111/Pt-111/methane/fromComet/methane_0.015/36
=========ENERGY========
   1 F= -.17680303E+03 E0= -.17680600E+03  d E =0.890469E-02
=========Coordinates/Forces=========
 POSITION                                       TOTAL-FORCE (eV/Angst)
      3.85731      2.52433      8.51429         0.278078     -0.139465      0.015529
      4.57297      1.88410      9.05328        -0.102800      0.081498     -0.065304
      2.85869      2.40545      8.94140        -0.096635      0.019420      0.023132
      3.84287      2.22334      7.45321        -0.034580     -0.012369      0.041485
      4.18170      3.56763      8.57733        -0.029817      0.057876      0.043211
 
=========PATH==========
/home/srr516/alkanes-Pt111/Pt-111/methane/fromComet/methane_0.015/37
=========ENERGY========
   1 F= -.17680132E+03 E0= -.17680428E+03  d E =0.890562E-02
=========Coordinates/Forces=========
 POSITION                                       TOTAL-FORCE (eV/Angst)
      3.85821      2.52319      8.51879         0.187195      0.059891     -0.363129
      4.56679      1.87640      9.05021        -0.023267      0.053275      0.035505
      2.85426      2.41518      8.93561        -0.096477     -0.040417      0.033290
      3.84772      2.22476      7.44688        -0.047357      0.066451      0.295932
      4.17535      3.57460      8.58052        -0.005141     -0.133019      0.048951
 
=========PATH==========
/home/srr516/alkanes-Pt111/Pt-111/methane/fromComet/methane_0.015/38
=========ENERGY========
   1 F= -.17680282E+03 E0= -.17680579E+03  d E =0.890264E-02
=========Coordinates/Forces=========
 POSITION                                       TOTAL-FORCE (eV/Angst)
      3.86473      2.53010      8.51758        -0.043745     -0.241773     -0.025306
      4.56904      1.88072      9.04948         0.007906      0.033118      0.044000
      2.86000      2.41791      8.93489        -0.061536     -0.005774      0.070109
      3.83742      2.22502      7.46124         0.013230      0.000940     -0.076861
      4.17939      3.56993      8.58156         0.094442      0.216064      0.041669
 
=========PATH==========
/home/srr516/alkanes-Pt111/Pt-111/methane/fromComet/methane_0.015/39
=========ENERGY========
   1 F= -.17680131E+03 E0= -.17680428E+03  d E =0.890400E-02
=========Coordinates/Forces=========
 POSITION                                       TOTAL-FORCE (eV/Angst)
      3.85548      2.51841      8.51360         0.203746      0.355714      0.267910
      4.56940      1.88551      9.05176        -0.002454     -0.033839      0.012609
      2.85675      2.41422      8.94635        -0.074851     -0.035963     -0.002037
      3.83979      2.23097      7.45976        -0.054718     -0.132377     -0.249512
      4.17847      3.56975      8.57927        -0.058043     -0.150668      0.031339
 
=========PATH==========
/home/srr516/alkanes-Pt111/Pt-111/methane/fromComet/methane_0.015/40
=========ENERGY========
   1 F= -.17680203E+03 E0= -.17680500E+03  d E =0.890600E-02
=========Coordinates/Forces=========
 POSITION                                       TOTAL-FORCE (eV/Angst)
      3.85943      2.52581      8.51535         0.106976      0.222175     -0.192591
      4.56126      1.88436      9.05541         0.085048     -0.024791      0.024976
      2.86012      2.41837      8.94436        -0.117987     -0.020251     -0.015932
      3.84388      2.23199      7.44678        -0.039494      0.006597      0.206753
      4.17747      3.57863      8.58047        -0.023779     -0.178243      0.035815
 
=========PATH==========
/home/srr516/alkanes-Pt111/Pt-111/methane/fromComet/methane_0.015/41
=========ENERGY========
   1 F= -.17680094E+03 E0= -.17680391E+03  d E =0.890631E-02
=========Coordinates/Forces=========
 POSITION                                       TOTAL-FORCE (eV/Angst)
      3.85480      2.52643      8.51733         0.517895      0.045766      0.004377
      4.56835      1.88807      9.05528        -0.053546      0.024689     -0.007258
      2.86368      2.41814      8.94127        -0.374324     -0.035855      0.141320
      3.84272      2.22631      7.46166        -0.048330     -0.055413     -0.115996
      4.18318      3.56986      8.57953        -0.027046      0.025788      0.034186
 
=========PATH==========
/home/srr516/alkanes-Pt111/Pt-111/methane/fromComet/methane_0.015/42
=========ENERGY========
   1 F= -.17680312E+03 E0= -.17680609E+03  d E =0.890345E-02
=========Coordinates/Forces=========
 POSITION                                       TOTAL-FORCE (eV/Angst)
      3.86242      2.52357      8.51952        -0.252172     -0.005975     -0.135205
      4.57269      1.88701      9.05268         0.047310     -0.050237      0.083412
      2.85011      2.40891      8.94042         0.195459      0.006971     -0.042472
      3.83888      2.21893      7.45602         0.006864      0.040988      0.125472
      4.17339      3.57191      8.58209         0.013001      0.012201      0.022056
 
=========PATH==========
/home/srr516/alkanes-Pt111/Pt-111/methane/fromComet/methane_0.015/43
=========ENERGY========
   1 F= -.17680053E+03 E0= -.17680350E+03  d E =0.890028E-02
=========Coordinates/Forces=========
 POSITION                                       TOTAL-FORCE (eV/Angst)
      3.86150      2.52160      8.50957        -0.209766      0.278024      0.325459
      4.56701      1.88482      9.05140         0.056872     -0.036107      0.017467
      2.85039      2.40744      8.94271         0.267578      0.044107     -0.155326
      3.84515      2.23306      7.45333        -0.039133     -0.113505     -0.172996
      4.18049      3.57422      8.57537        -0.064228     -0.168286      0.050644
 
=========PATH==========
/home/srr516/alkanes-Pt111/Pt-111/methane/fromComet/methane_0.015/44
=========ENERGY========
   1 F= -.17680133E+03 E0= -.17680429E+03  d E =0.890174E-02
=========Coordinates/Forces=========
 POSITION                                       TOTAL-FORCE (eV/Angst)
      3.86452      2.53022      8.50956        -0.263210     -0.186294      0.400791
      4.56616      1.88385      9.05419        -0.007330      0.059089     -0.046664
      2.85252      2.40352      8.93901         0.272481      0.079116     -0.148568
      3.84655      2.23074      7.45531        -0.005441     -0.032879     -0.156202
      4.17835      3.57389      8.58921         0.015278      0.085504      0.011960
 
=========PATH==========
/home/srr516/alkanes-Pt111/Pt-111/methane/fromComet/methane_0.015/45
=========ENERGY========
   1 F= -.17680205E+03 E0= -.17680502E+03  d E =0.890330E-02
=========Coordinates/Forces=========
 POSITION                                       TOTAL-FORCE (eV/Angst)
      3.86319      2.52835      8.51774        -0.167896     -0.362256     -0.039941
      4.57161      1.88715      9.05226         0.013959     -0.004942      0.061618
      2.85420      2.40728      8.93329         0.067700      0.022356      0.017003
      3.84379      2.22021      7.46050         0.004795      0.013479     -0.032111
      4.17460      3.56578      8.58101         0.091464      0.332268      0.045887
 
=========PATH==========
/home/srr516/alkanes-Pt111/Pt-111/methane/fromComet/methane_0.015/46
=========ENERGY========
   1 F= -.17680278E+03 E0= -.17680575E+03  d E =0.890452E-02
=========Coordinates/Forces=========
 POSITION                                       TOTAL-FORCE (eV/Angst)
      3.85546      2.52684      8.51759         0.248147     -0.021022     -0.130019
      4.56350      1.88490      9.05334        -0.004236      0.013525      0.053754
      2.85574      2.42091      8.93457        -0.215467     -0.032496      0.101311
      3.84201      2.22172      7.45949        -0.037034     -0.016769     -0.024281
      4.17738      3.57067      8.57365         0.023478      0.063240      0.053149
 
=========PATH==========
/home/srr516/alkanes-Pt111/Pt-111/methane/fromComet/methane_0.015/47
=========ENERGY========
   1 F= -.17680191E+03 E0= -.17680487E+03  d E =0.890079E-02
=========Coordinates/Forces=========
 POSITION                                       TOTAL-FORCE (eV/Angst)
      3.86775      2.52631      8.50891        -0.265545      0.198208      0.262155
      4.56979      1.89528      9.05269         0.145578     -0.136854      0.086258
      2.86068      2.41624      8.93705         0.095216      0.003770     -0.040423
      3.84032      2.22647      7.45798         0.018424     -0.080524     -0.236217
      4.18008      3.57400      8.57913         0.013723      0.016332     -0.006987
 
=========PATH==========
/home/srr516/alkanes-Pt111/Pt-111/methane/fromComet/methane_0.015/48
=========ENERGY========
   1 F= -.17680063E+03 E0= -.17680359E+03  d E =0.890138E-02
=========Coordinates/Forces=========
 POSITION                                       TOTAL-FORCE (eV/Angst)
      3.86683      2.52795      8.50855        -0.378706     -0.022721      0.416424
      4.56274      1.88365      9.05190         0.090148     -0.034893      0.062017
      2.85402      2.41839      8.93984         0.266555      0.036500     -0.136198
      3.84380      2.22011      7.46075        -0.014261     -0.050827     -0.274574
      4.18399      3.57140      8.58054         0.043761      0.075388     -0.003803
 
=========PATH==========
/home/srr516/alkanes-Pt111/Pt-111/methane/fromComet/methane_0.015/49
=========ENERGY========
   1 F= -.17680085E+03 E0= -.17680382E+03  d E =0.890567E-02
=========Coordinates/Forces=========
 POSITION                                       TOTAL-FORCE (eV/Angst)
      3.86188      2.52759      8.51947        -0.325589     -0.170898     -0.303456
      4.55853      1.88101      9.05124         0.160056     -0.083725      0.141036
      2.85222      2.42009      8.94262         0.105256     -0.008703     -0.073339
      3.84584      2.22664      7.45146        -0.044708      0.044662      0.218368
      4.17469      3.56808      8.58055         0.114425      0.221185      0.067996
 
=========PATH==========
/home/srr516/alkanes-Pt111/Pt-111/methane/fromComet/methane_0.015/50
=========ENERGY========
   1 F= -.17680219E+03 E0= -.17680515E+03  d E =0.890323E-02
=========Coordinates/Forces=========
 POSITION                                       TOTAL-FORCE (eV/Angst)
      3.86220      2.51963      8.51161        -0.082049      0.235442      0.170621
      4.56987      1.89034      9.05322         0.091090     -0.114829      0.067430
      2.85859      2.41711      8.93980        -0.008814     -0.053898     -0.019619
      3.84355      2.23025      7.45592        -0.023784     -0.109625     -0.177517
      4.17424      3.56705      8.57963         0.035780      0.044881      0.022523
 
=========PATH==========
/home/srr516/alkanes-Pt111/Pt-111/methane/fromComet/methane_0.015/51
=========ENERGY========
   1 F= -.17680208E+03 E0= -.17680504E+03  d E =0.890192E-02
=========Coordinates/Forces=========
 POSITION                                       TOTAL-FORCE (eV/Angst)
      3.87057      2.52740      8.51178        -0.404901     -0.000090      0.130298
      4.56835      1.88374      9.05505         0.063288     -0.012003      0.035736
      2.85588      2.42115      8.93859         0.262057     -0.001254     -0.110473
      3.84187      2.22063      7.45340         0.022615      0.027716      0.020824
      4.17914      3.57619      8.58380         0.059258     -0.014283     -0.017273
 
=========PATH==========
/home/srr516/alkanes-Pt111/Pt-111/methane/fromComet/methane_0.015/52
=========ENERGY========
   1 F= -.17680190E+03 E0= -.17680486E+03  d E =0.890134E-02
=========Coordinates/Forces=========
 POSITION                                       TOTAL-FORCE (eV/Angst)
      3.86352      2.52171      8.51012        -0.079843      0.343433      0.161447
      4.56348      1.88039      9.05645         0.035928      0.008617     -0.014136
      2.85587      2.42111      8.93874         0.085026     -0.016973     -0.064025
      3.83905      2.22703      7.45079        -0.000761     -0.055119     -0.032168
      4.17965      3.57844      8.57616        -0.031116     -0.276922      0.013553
 
=========PATH==========
/home/srr516/alkanes-Pt111/Pt-111/methane/fromComet/methane_0.015/53
=========ENERGY========
   1 F= -.17680299E+03 E0= -.17680596E+03  d E =0.890449E-02
=========Coordinates/Forces=========
 POSITION                                       TOTAL-FORCE (eV/Angst)
      3.85748      2.52919      8.51771         0.181684      0.251639      0.002200
      4.56735      1.89124      9.05231         0.041585     -0.036773      0.062171
      2.85655      2.41328      8.94157        -0.078758      0.014154      0.025686
      3.84389      2.22951      7.45953        -0.036111     -0.019542     -0.055356
      4.18235      3.58136      8.58328        -0.097151     -0.207904      0.020520
 
=========PATH==========
/home/srr516/alkanes-Pt111/Pt-111/methane/fromComet/methane_0.015/54
=========ENERGY========
   1 F= -.17680300E+03 E0= -.17680596E+03  d E =0.890335E-02
=========Coordinates/Forces=========
 POSITION                                       TOTAL-FORCE (eV/Angst)
      3.86351      2.52859      8.51863         0.095335     -0.156639     -0.148052
      4.57337      1.88399      9.04971        -0.012251      0.041287      0.053052
      2.86111      2.41657      8.93457        -0.135305     -0.038786      0.087170
      3.84491      2.22419      7.45873        -0.015828      0.015561      0.012938
      4.17420      3.57244      8.57965         0.079234      0.140826      0.046493
 
=========PATH==========
/home/srr516/alkanes-Pt111/Pt-111/methane/fromComet/methane_0.015/55
=========ENERGY========
   1 F= -.17680038E+03 E0= -.17680335E+03  d E =0.890296E-02
=========Coordinates/Forces=========
 POSITION                                       TOTAL-FORCE (eV/Angst)
      3.85622      2.52646      8.50948         0.389891     -0.017431      0.347599
      4.57223      1.87911      9.05387        -0.227775      0.224068     -0.159666
      2.85575      2.40934      8.93850        -0.034956      0.027034     -0.000800
      3.84062      2.22020      7.45578        -0.027226     -0.021133     -0.123746
      4.18266      3.57768      8.57791        -0.091125     -0.209675      0.001191
 
=========PATH==========
/home/srr516/alkanes-Pt111/Pt-111/methane/fromComet/methane_0.015/56
=========ENERGY========
   1 F= -.17680009E+03 E0= -.17680306E+03  d E =0.890446E-02
=========Coordinates/Forces=========
 POSITION                                       TOTAL-FORCE (eV/Angst)
      3.86002      2.53341      8.50922         0.048127     -0.511873      0.355292
      4.56629      1.88405      9.06158        -0.181652      0.216788     -0.156586
      2.85398      2.41759      8.93777         0.080844      0.022788     -0.084058
      3.84915      2.22215      7.45546        -0.034213     -0.009174     -0.076348
      4.17586      3.57045      8.57900         0.096979      0.286896      0.024025
 
=========PATH==========
/home/srr516/alkanes-Pt111/Pt-111/methane/fromComet/methane_0.015/57
=========ENERGY========
   1 F= -.17680338E+03 E0= -.17680635E+03  d E =0.890125E-02
=========Coordinates/Forces=========
 POSITION                                       TOTAL-FORCE (eV/Angst)
      3.86526      2.52189      8.51825        -0.224941      0.167498      0.070410
      4.56603      1.88285      9.06219         0.067844     -0.032910      0.023835
      2.85354      2.41127      8.93914         0.147202      0.018180     -0.049133
      3.84086      2.22677      7.45861         0.021359     -0.055062     -0.031761
      4.17805      3.57327      8.58153        -0.004091     -0.092812      0.042848
 
=========PATH==========
/home/srr516/alkanes-Pt111/Pt-111/methane/fromComet/methane_0.015/58
=========ENERGY========
   1 F= -.17680229E+03 E0= -.17680526E+03  d E =0.890629E-02
=========Coordinates/Forces=========
 POSITION                                       TOTAL-FORCE (eV/Angst)
      3.86091      2.52367      8.52099         0.124606      0.279858     -0.215074
      4.56362      1.88440      9.05465         0.145212     -0.089830      0.120629
      2.86301      2.41530      8.94112        -0.243415     -0.050827      0.089509
      3.84276      2.22582      7.45893        -0.017532      0.006659      0.042059
      4.17335      3.57655      8.58834         0.002681     -0.143281      0.015142
 
=========PATH==========
/home/srr516/alkanes-Pt111/Pt-111/methane/fromComet/methane_0.015/59
=========ENERGY========
   1 F= -.17680253E+03 E0= -.17680550E+03  d E =0.890393E-02
=========Coordinates/Forces=========
 POSITION                                       TOTAL-FORCE (eV/Angst)
      3.85877      2.52520      8.51469         0.149102     -0.128073      0.376580
      4.56799      1.87630      9.05583        -0.120099      0.146276     -0.092010
      2.85683      2.40982      8.94425        -0.006446      0.011650     -0.022345
      3.84053      2.22571      7.46265        -0.028061     -0.060217     -0.221760
      4.17818      3.56948      8.58705         0.016149      0.037203      0.021133
 
=========PATH==========
/home/srr516/alkanes-Pt111/Pt-111/methane/fromComet/methane_0.015/60
=========ENERGY========
   1 F= -.17680143E+03 E0= -.17680440E+03  d E =0.890441E-02
=========Coordinates/Forces=========
 POSITION                                       TOTAL-FORCE (eV/Angst)
      3.85651      2.52552      8.50877         0.326484      0.159381      0.328426
      4.57016      1.88653      9.05423        -0.134227      0.087684     -0.075954
      2.85474      2.41363      8.93652        -0.027908      0.007781     -0.015627
      3.84740      2.22233      7.45530        -0.041315     -0.033602     -0.148869
      4.18619      3.57640      8.58217        -0.113600     -0.217989     -0.023149
 
=========PATH==========
/home/srr516/alkanes-Pt111/Pt-111/methane/fromComet/methane_0.015/61
=========ENERGY========
   1 F= -.17680141E+03 E0= -.17680438E+03  d E =0.890699E-02
=========Coordinates/Forces=========
 POSITION                                       TOTAL-FORCE (eV/Angst)
      3.86204      2.52733      8.51994        -0.075545      0.127698     -0.374453
      4.56144      1.89214      9.05436         0.213488     -0.199410      0.185204
      2.86006      2.42532      8.93893        -0.155313     -0.050119      0.051382
      3.84601      2.22818      7.45390        -0.024472      0.024679      0.162097
      4.17958      3.57098      8.58449         0.050880      0.099708      0.026047
 
=========PATH==========
/home/srr516/alkanes-Pt111/Pt-111/methane/fromComet/methane_0.015/62
=========ENERGY========
   1 F= -.17680086E+03 E0= -.17680383E+03  d E =0.890782E-02
=========Coordinates/Forces=========
 POSITION                                       TOTAL-FORCE (eV/Angst)
      3.86005      2.52638      8.52036         0.021478     -0.190926     -0.377604
      4.56895      1.89106      9.05054         0.105114     -0.135293      0.145102
      2.85887      2.41516      8.93791        -0.147162     -0.022081      0.077489
      3.84556      2.22058      7.45532        -0.029379      0.051235      0.167758
      4.18160      3.56253      8.58177         0.060229      0.301203      0.037354
 
=========PATH==========
/home/srr516/alkanes-Pt111/Pt-111/methane/fromComet/methane_0.015/63
=========ENERGY========
   1 F= -.17680271E+03 E0= -.17680568E+03  d E =0.890607E-02
=========Coordinates/Forces=========
 POSITION                                       TOTAL-FORCE (eV/Angst)
      3.86026      2.52759      8.51644        -0.041274     -0.209840     -0.176265
      4.56677      1.88656      9.04877         0.076876     -0.045159      0.095930
      2.85912      2.41479      8.94012        -0.090329     -0.010395      0.046818
      3.83752      2.21619      7.45705        -0.013636      0.045640      0.061561
      4.17543      3.56746      8.57784         0.078713      0.224451      0.024740
 
=========PATH==========
/home/srr516/alkanes-Pt111/Pt-111/methane/fromComet/methane_0.015/64
=========ENERGY========
   1 F= -.17680269E+03 E0= -.17680566E+03  d E =0.890451E-02
=========Coordinates/Forces=========
 POSITION                                       TOTAL-FORCE (eV/Angst)
      3.85314      2.52543      8.51400         0.295308      0.098627      0.047987
      4.57023      1.89347      9.05412        -0.055812      0.008624     -0.015283
      2.85450      2.41229      8.93969        -0.123649     -0.010641      0.032006
      3.84385      2.22987      7.45513        -0.051421     -0.070257     -0.055278
      4.17644      3.57249      8.57393        -0.052807     -0.021884      0.050627
 
=========PATH==========
/home/srr516/alkanes-Pt111/Pt-111/methane/fromComet/methane_0.015/65
=========ENERGY========
   1 F= -.17680279E+03 E0= -.17680576E+03  d E =0.890344E-02
=========Coordinates/Forces=========
 POSITION                                       TOTAL-FORCE (eV/Angst)
      3.86581      2.52672      8.51586        -0.149291     -0.170067     -0.023205
      4.56763      1.88360      9.05043         0.089252     -0.071169      0.086383
      2.86140      2.41890      8.93928        -0.022741     -0.009456      0.018539
      3.84077      2.22420      7.45854        -0.003652     -0.012026     -0.053765
      4.18384      3.56422      8.58232         0.093716      0.266520      0.030461
 
=========PATH==========
/home/srr516/alkanes-Pt111/Pt-111/methane/fromComet/methane_0.015/66
=========ENERGY========
   1 F= -.17680209E+03 E0= -.17680506E+03  d E =0.890571E-02
=========Coordinates/Forces=========
 POSITION                                       TOTAL-FORCE (eV/Angst)
      3.86232      2.51918      8.51604        -0.154770      0.309141     -0.174731
      4.56118      1.88599      9.05995         0.162975     -0.147074      0.093395
      2.85552      2.41507      8.94201         0.047122     -0.007970     -0.052146
      3.84247      2.22077      7.44960        -0.003337      0.015538      0.187936
      4.18136      3.57149      8.58289        -0.040026     -0.165384      0.001823
 
=========PATH==========
/home/srr516/alkanes-Pt111/Pt-111/methane/fromComet/methane_0.015/67
=========ENERGY========
   1 F= -.17680342E+03 E0= -.17680638E+03  d E =0.890442E-02
=========Coordinates/Forces=========
 POSITION                                       TOTAL-FORCE (eV/Angst)
      3.86207      2.52363      8.51711        -0.121918     -0.101376     -0.084487
      4.56167      1.87480      9.05219         0.069697      0.008846      0.056631
      2.85496      2.40907      8.93854         0.035783      0.001436     -0.046393
      3.84923      2.22747      7.45336        -0.039071      0.005247      0.069899
      4.17419      3.56827      8.58536         0.066105      0.088767      0.058279
 
=========PATH==========
/home/srr516/alkanes-Pt111/Pt-111/methane/fromComet/methane_0.015/68
=========ENERGY========
   1 F= -.17680094E+03 E0= -.17680391E+03  d E =0.890495E-02
=========Coordinates/Forces=========
 POSITION                                       TOTAL-FORCE (eV/Angst)
      3.85711      2.52129      8.51435         0.160322      0.443396     -0.019178
      4.56664      1.88599      9.04626         0.107517     -0.075145      0.130286
      2.85680      2.40828      8.94026        -0.085524     -0.017850      0.003061
      3.84962      2.22191      7.45654        -0.070988     -0.019677     -0.070314
      4.17619      3.57923      8.57942        -0.096637     -0.323375      0.015435
 
=========PATH==========
/home/srr516/alkanes-Pt111/Pt-111/methane/fromComet/methane_0.015/69
=========ENERGY========
   1 F= -.17680240E+03 E0= -.17680537E+03  d E =0.890643E-02
=========Coordinates/Forces=========
 POSITION                                       TOTAL-FORCE (eV/Angst)
      3.85933      2.52180      8.51281         0.066216      0.041915     -0.118794
      4.56059      1.88112      9.04827         0.149101     -0.084588      0.096035
      2.86336      2.40968      8.94086        -0.208183     -0.028106      0.030277
      3.84391      2.22376      7.45153        -0.042923     -0.003684      0.028280
      4.17379      3.56636      8.58253         0.050047      0.080325      0.026702
 
=========PATH==========
/home/srr516/alkanes-Pt111/Pt-111/methane/fromComet/methane_0.015/70
=========ENERGY========
   1 F= -.17680199E+03 E0= -.17680496E+03  d E =0.890386E-02
=========Coordinates/Forces=========
 POSITION                                       TOTAL-FORCE (eV/Angst)
      3.85917      2.51893      8.51275        -0.038731      0.383265      0.043879
      4.56211      1.88498      9.04877         0.176095     -0.154005      0.129425
      2.85760      2.41171      8.93908        -0.075545     -0.031728      0.002805
      3.84163      2.22932      7.45519        -0.029374     -0.075547     -0.133404
      4.17484      3.57040      8.58278        -0.017296     -0.117090      0.019950
 
=========PATH==========
/home/srr516/alkanes-Pt111/Pt-111/methane/fromComet/methane_0.015/71
=========ENERGY========
   1 F= -.17680214E+03 E0= -.17680511E+03  d E =0.890378E-02
=========Coordinates/Forces=========
 POSITION                                       TOTAL-FORCE (eV/Angst)
      3.86470      2.52674      8.51049        -0.102984      0.015789     -0.003381
      4.56749      1.88223      9.05515        -0.017548      0.060898     -0.037299
      2.85572      2.41731      8.94048         0.158619      0.014445     -0.104547
      3.84408      2.22036      7.44512        -0.010244      0.060448      0.207935
      4.18191      3.57816      8.57882        -0.017307     -0.147832     -0.003747
 
=========PATH==========
/home/srr516/alkanes-Pt111/Pt-111/methane/fromComet/methane_0.015/72
=========ENERGY========
   1 F= -.17680182E+03 E0= -.17680478E+03  d E =0.890506E-02
=========Coordinates/Forces=========
 POSITION                                       TOTAL-FORCE (eV/Angst)
      3.85917      2.53070      8.50995         0.315319      0.095516      0.244694
      4.56679      1.88849      9.05800        -0.063415      0.110617     -0.092321
      2.86282      2.41109      8.94221        -0.128579      0.026388     -0.013037
      3.84692      2.22544      7.45439        -0.034919     -0.014122     -0.067130
      4.18093      3.58323      8.58175        -0.080311     -0.213858     -0.008201
 
=========PATH==========
/home/srr516/alkanes-Pt111/Pt-111/methane/fromComet/methane_0.015/73
=========ENERGY========
   1 F= -.17680255E+03 E0= -.17680551E+03  d E =0.890362E-02
=========Coordinates/Forces=========
 POSITION                                       TOTAL-FORCE (eV/Angst)
      3.85891      2.52789      8.51179         0.219782     -0.134879      0.311443
      4.56739      1.88750      9.06622        -0.151220      0.137421     -0.145697
      2.85613      2.41582      8.93349        -0.082608     -0.007644      0.018334
      3.84441      2.22632      7.45753         0.003838     -0.060062     -0.130307
      4.17537      3.57248      8.58233         0.020880      0.069231      0.010952
 
=========PATH==========
/home/srr516/alkanes-Pt111/Pt-111/methane/fromComet/methane_0.015/74
=========ENERGY========
   1 F= -.17680119E+03 E0= -.17680416E+03  d E =0.890495E-02
=========Coordinates/Forces=========
 POSITION                                       TOTAL-FORCE (eV/Angst)
      3.86247      2.52114      8.50418        -0.127523      0.249257      0.366236
      4.56387      1.88619      9.05036         0.109513     -0.074932      0.027164
      2.86130      2.41599      8.94666         0.058614     -0.024723     -0.121496
      3.84261      2.22489      7.45060        -0.040833     -0.067126     -0.171031
      4.17654      3.57104      8.58282         0.010953     -0.078481     -0.031979
 
=========PATH==========
/home/srr516/alkanes-Pt111/Pt-111/methane/fromComet/methane_0.015/75
=========ENERGY========
   1 F= -.17680157E+03 E0= -.17680453E+03  d E =0.890215E-02
=========Coordinates/Forces=========
 POSITION                                       TOTAL-FORCE (eV/Angst)
      3.86244      2.52451      8.51793         0.017808      0.237529     -0.318592
      4.56199      1.88147      9.05490         0.126540     -0.038953      0.065599
      2.85927      2.41246      8.93682        -0.101368      0.006799      0.032152
      3.84176      2.22955      7.44939        -0.003621     -0.000825      0.197700
      4.17766      3.57911      8.57362        -0.028225     -0.200828      0.075967
 
=========PATH==========
/home/srr516/alkanes-Pt111/Pt-111/methane/fromComet/methane_0.015/76
=========ENERGY========
   1 F= -.17680201E+03 E0= -.17680498E+03  d E =0.889866E-02
=========Coordinates/Forces=========
 POSITION                                       TOTAL-FORCE (eV/Angst)
      3.86995      2.52303      8.51276        -0.297124      0.225294      0.197189
      4.56854      1.88071      9.05391         0.101037     -0.031123      0.042177
      2.85764      2.40984      8.93717         0.198986      0.029952     -0.085811
      3.84512      2.23044      7.45605         0.008737     -0.077855     -0.136731
      4.18082      3.57633      8.57870        -0.005613     -0.144075      0.045459
 
=========PATH==========
/home/srr516/alkanes-Pt111/Pt-111/methane/fromComet/methane_0.015/77
=========ENERGY========
   1 F= -.17680003E+03 E0= -.17680300E+03  d E =0.889999E-02
=========Coordinates/Forces=========
 POSITION                                       TOTAL-FORCE (eV/Angst)
      3.86667      2.51419      8.51356        -0.241882      0.578256      0.069642
      4.56834      1.88367      9.05364         0.187025     -0.164639      0.115966
      2.85770      2.41100      8.93805         0.094895     -0.024455     -0.036252
      3.84043      2.22879      7.45491         0.010807     -0.109584     -0.122693
      4.17768      3.57301      8.57742        -0.041634     -0.275868      0.033469
 
=========PATH==========
/home/srr516/alkanes-Pt111/Pt-111/methane/fromComet/methane_0.015/78
=========ENERGY========
   1 F= -.17680261E+03 E0= -.17680558E+03  d E =0.890472E-02
=========Coordinates/Forces=========
 POSITION                                       TOTAL-FORCE (eV/Angst)
      3.86056      2.52052      8.50961        -0.003621      0.069999      0.215961
      4.56835      1.88878      9.05306         0.041800     -0.069767      0.055910
      2.85722      2.41548      8.93610        -0.025265     -0.034539     -0.010533
      3.84680      2.21926      7.45763        -0.034345     -0.074690     -0.203015
      4.17768      3.56400      8.57717         0.033155      0.113371      0.006863
 
=========PATH==========
/home/srr516/alkanes-Pt111/Pt-111/methane/fromComet/methane_0.015/79
=========ENERGY========
   1 F= -.17680169E+03 E0= -.17680466E+03  d E =0.890511E-02
=========Coordinates/Forces=========
 POSITION                                       TOTAL-FORCE (eV/Angst)
      3.85993      2.52731      8.51787         0.222579      0.222860     -0.201883
      4.56699      1.89372      9.05238         0.137362     -0.113687      0.121419
      2.86513      2.41423      8.93629        -0.327325     -0.039990      0.138803
      3.84316      2.22733      7.45875        -0.013341     -0.016085     -0.026553
      4.17492      3.57674      8.58205        -0.010142     -0.048279      0.022356
 
=========PATH==========
/home/srr516/alkanes-Pt111/Pt-111/methane/fromComet/methane_0.015/80
=========ENERGY========
   1 F= -.17680145E+03 E0= -.17680441E+03  d E =0.890559E-02
=========Coordinates/Forces=========
 POSITION                                       TOTAL-FORCE (eV/Angst)
      3.85695      2.51741      8.51496         0.339442      0.397177     -0.062746
      4.56381      1.88068      9.05423         0.034128     -0.068807      0.042022
      2.85878      2.41534      8.93565        -0.233984     -0.040471      0.083279
      3.84375      2.22559      7.45339        -0.027105     -0.035670     -0.005583
      4.18621      3.56992      8.58530        -0.096301     -0.249581      0.001881
 
=========PATH==========
/home/srr516/alkanes-Pt111/Pt-111/methane/fromComet/methane_0.015/81
=========ENERGY========
   1 F= -.17680321E+03 E0= -.17680618E+03  d E =0.890571E-02
=========Coordinates/Forces=========
 POSITION                                       TOTAL-FORCE (eV/Angst)
      3.86191      2.52422      8.51995        -0.008342      0.060949     -0.152825
      4.56386      1.87667      9.05244         0.070396     -0.001073      0.073307
      2.85783      2.41693      8.94459        -0.026571     -0.027978     -0.033163
      3.85042      2.22976      7.45457        -0.063824      0.001552      0.105513
      4.17738      3.57233      8.58441         0.038642     -0.030159      0.059300
 
=========PATH==========
/home/srr516/alkanes-Pt111/Pt-111/methane/fromComet/methane_0.015/82
=========ENERGY========
   1 F= -.17680303E+03 E0= -.17680600E+03  d E =0.890620E-02
=========Coordinates/Forces=========
 POSITION                                       TOTAL-FORCE (eV/Angst)
      3.86297      2.52060      8.51648         0.066219      0.102489     -0.128420
      4.56515      1.88039      9.06187         0.041192      0.012510     -0.014790
      2.86154      2.41155      8.94345        -0.081105     -0.018422     -0.018717
      3.84594      2.22160      7.44979        -0.016900      0.018944      0.196160
      4.17653      3.57225      8.58284         0.002565     -0.113177      0.020619
 
=========PATH==========
/home/srr516/alkanes-Pt111/Pt-111/methane/fromComet/methane_0.015/83
=========ENERGY========
   1 F= -.17680231E+03 E0= -.17680528E+03  d E =0.890092E-02
=========Coordinates/Forces=========
 POSITION                                       TOTAL-FORCE (eV/Angst)
      3.86385      2.53011      8.51737        -0.202315     -0.199395      0.081231
      4.57282      1.89130      9.05211         0.024262     -0.031980      0.069800
      2.85271      2.41133      8.93403         0.133814      0.025423     -0.012470
      3.84605      2.22936      7.46225        -0.005966     -0.048718     -0.143808
      4.17760      3.56967      8.57974         0.059488      0.257006      0.060468
 
=========PATH==========
/home/srr516/alkanes-Pt111/Pt-111/methane/fromComet/methane_0.015/84
=========ENERGY========
   1 F= -.17680083E+03 E0= -.17680380E+03  d E =0.890196E-02
=========Coordinates/Forces=========
 POSITION                                       TOTAL-FORCE (eV/Angst)
      3.86920      2.52973      8.51730        -0.386574     -0.341021      0.015879
      4.56920      1.88380      9.05816         0.040733      0.022615     -0.001065
      2.85762      2.41941      8.94549         0.210104      0.016154     -0.105601
      3.84274      2.23156      7.45495        -0.002787     -0.030095      0.066388
      4.17788      3.56792      8.57728         0.145307      0.333940      0.078567
 
=========PATH==========
/home/srr516/alkanes-Pt111/Pt-111/methane/fromComet/methane_0.015/85
=========ENERGY========
   1 F= -.17680001E+03 E0= -.17680298E+03  d E =0.890251E-02
=========Coordinates/Forces=========
 POSITION                                       TOTAL-FORCE (eV/Angst)
      3.85895      2.51829      8.51210        -0.052669      0.495474      0.247738
      4.56281      1.88580      9.04865         0.161937     -0.153809      0.155938
      2.85505      2.41562      8.93928        -0.005118     -0.022337     -0.003503
      3.83995      2.22012      7.46377        -0.033854     -0.106892     -0.339779
      4.17998      3.57171      8.57742        -0.056885     -0.208311      0.003632
 
=========PATH==========
/home/srr516/alkanes-Pt111/Pt-111/methane/fromComet/methane_0.015/86
=========ENERGY========
   1 F= -.17679665E+03 E0= -.17679961E+03  d E =0.890106E-02
=========Coordinates/Forces=========
 POSITION                                       TOTAL-FORCE (eV/Angst)
      3.86855      2.53710      8.51587        -0.438816     -0.752997     -0.032003
      4.56849      1.88716      9.05405         0.022506      0.052391      0.019325
      2.85573      2.41392      8.93524         0.195105      0.063445     -0.047043
      3.84042      2.22234      7.45774         0.028993      0.044849      0.048266
      4.17631      3.56701      8.57639         0.193771      0.590430      0.065926
 
=========PATH==========
/home/srr516/alkanes-Pt111/Pt-111/methane/fromComet/methane_0.015/87
=========ENERGY========
   1 F= -.17680045E+03 E0= -.17680342E+03  d E =0.890314E-02
=========Coordinates/Forces=========
 POSITION                                       TOTAL-FORCE (eV/Angst)
      3.85783      2.51924      8.51838         0.227980      0.473787     -0.264596
      4.56663      1.88723      9.05595         0.075879     -0.100714      0.074354
      2.85541      2.41139      8.93256        -0.161311     -0.020437      0.084160
      3.84386      2.23008      7.45157        -0.009583     -0.038226      0.112041
      4.18147      3.57622      8.57786        -0.116964     -0.308321      0.049185
 
=========PATH==========
/home/srr516/alkanes-Pt111/Pt-111/methane/fromComet/methane_0.015/88
=========ENERGY========
   1 F= -.17680173E+03 E0= -.17680470E+03  d E =0.890248E-02
=========Coordinates/Forces=========
 POSITION                                       TOTAL-FORCE (eV/Angst)
      3.86021      2.51976      8.51339         0.110391      0.398564      0.234722
      4.56917      1.89106      9.06051         0.011982     -0.052418      0.025949
      2.85576      2.42037      8.93427        -0.065698     -0.056752      0.032116
      3.84464      2.22544      7.46100        -0.011042     -0.118549     -0.240256
      4.17604      3.57367      8.57756        -0.032703     -0.167412      0.010451
 
=========PATH==========
/home/srr516/alkanes-Pt111/Pt-111/methane/fromComet/methane_0.015/89
=========ENERGY========
   1 F= -.17680197E+03 E0= -.17680494E+03  d E =0.890189E-02
=========Coordinates/Forces=========
 POSITION                                       TOTAL-FORCE (eV/Angst)
      3.86239      2.52469      8.51356        -0.246842     -0.240977      0.173227
      4.56658      1.87843      9.05563        -0.043626      0.089228     -0.031827
      2.85040      2.41650      8.93992         0.202492     -0.004943     -0.094189
      3.84071      2.22418      7.45563        -0.015688     -0.040100     -0.044474
      4.17090      3.56716      8.57585         0.113293      0.199310      0.056603
 
=========PATH==========
/home/srr516/alkanes-Pt111/Pt-111/methane/fromComet/methane_0.015/90
=========ENERGY========
   1 F= -.17679991E+03 E0= -.17680288E+03  d E =0.890392E-02
=========Coordinates/Forces=========
 POSITION                                       TOTAL-FORCE (eV/Angst)
      3.86480      2.53662      8.52020        -0.362174     -0.463808     -0.134222
      4.56514      1.88831      9.04926         0.129518     -0.040980      0.131904
      2.85478      2.40833      8.94093         0.155780      0.071359     -0.060227
      3.84782      2.22525      7.46053        -0.024674      0.060006      0.050795
      4.17722      3.57192      8.58410         0.105832      0.372363      0.063033
 
=========PATH==========
/home/srr516/alkanes-Pt111/Pt-111/methane/fromComet/methane_0.015/91
=========ENERGY========
   1 F= -.17680295E+03 E0= -.17680592E+03  d E =0.890721E-02
=========Coordinates/Forces=========
 POSITION                                       TOTAL-FORCE (eV/Angst)
      3.85555      2.52842      8.51635         0.294898      0.054932     -0.086829
      4.56279      1.88696      9.05330        -0.000319     -0.007531      0.057295
      2.85735      2.42439      8.93678        -0.231139     -0.045010      0.087363
      3.84388      2.22069      7.45828        -0.041824      0.025767      0.000569
      4.18043      3.57369      8.58362        -0.005660     -0.020954     -0.003633
 
=========PATH==========
/home/srr516/alkanes-Pt111/Pt-111/methane/fromComet/methane_0.015/92
=========ENERGY========
   1 F= -.17680245E+03 E0= -.17680542E+03  d E =0.890623E-02
=========Coordinates/Forces=========
 POSITION                                       TOTAL-FORCE (eV/Angst)
      3.85846      2.52260      8.51576         0.114848      0.229759     -0.065683
      4.55987      1.87650      9.04697         0.107696     -0.038182      0.111646
      2.86007      2.42023      8.94276        -0.171802     -0.054617      0.033980
      3.84181      2.22229      7.45701        -0.054808      0.002624     -0.033433
      4.17573      3.57347      8.58381         0.018716     -0.133799      0.011541
 
=========PATH==========
/home/srr516/alkanes-Pt111/Pt-111/methane/fromComet/methane_0.015/93
=========ENERGY========
   1 F= -.17680057E+03 E0= -.17680354E+03  d E =0.890446E-02
=========Coordinates/Forces=========
 POSITION                                       TOTAL-FORCE (eV/Angst)
      3.85974      2.52742      8.50779        -0.215038     -0.089454      0.546799
      4.56357      1.88751      9.05692        -0.020917      0.023705     -0.052634
      2.85057      2.41275      8.94527         0.247521      0.033932     -0.165587
      3.84168      2.22610      7.45754        -0.022582     -0.059965     -0.238618
      4.17719      3.57008      8.58940         0.020063      0.095024     -0.025369
 
=========PATH==========
/home/srr516/alkanes-Pt111/Pt-111/methane/fromComet/methane_0.015/94
=========ENERGY========
   1 F= -.17680181E+03 E0= -.17680478E+03  d E =0.890123E-02
=========Coordinates/Forces=========
 POSITION                                       TOTAL-FORCE (eV/Angst)
      3.86551      2.52815      8.51818        -0.291586     -0.012858     -0.150345
      4.55680      1.88443      9.05517         0.232563     -0.138095      0.155951
      2.85744      2.41262      8.93368         0.000257      0.040283      0.007056
      3.84423      2.22846      7.45920         0.006770     -0.035201     -0.037080
      4.18040      3.57052      8.57761         0.059654      0.149080      0.078582
 
=========PATH==========
/home/srr516/alkanes-Pt111/Pt-111/methane/fromComet/methane_0.015/95
=========ENERGY========
   1 F= -.17680230E+03 E0= -.17680527E+03  d E =0.890303E-02
=========Coordinates/Forces=========
 POSITION                                       TOTAL-FORCE (eV/Angst)
      3.85769      2.51919      8.51477         0.230513      0.258459      0.175826
      4.56705      1.88580      9.06086        -0.027510     -0.014787     -0.029491
      2.85631      2.41356      8.93435        -0.149573     -0.037635      0.060242
      3.84275      2.23202      7.45833        -0.006599     -0.119404     -0.178223
      4.17707      3.56891      8.58247        -0.031669     -0.081466      0.033040
 
=========PATH==========
/home/srr516/alkanes-Pt111/Pt-111/methane/fromComet/methane_0.015/96
=========ENERGY========
   1 F= -.17680076E+03 E0= -.17680373E+03  d E =0.890444E-02
=========Coordinates/Forces=========
 POSITION                                       TOTAL-FORCE (eV/Angst)
      3.86233      2.52704      8.52282         0.086778      0.021534     -0.543525
      4.56991      1.88266      9.04836         0.067748     -0.050081      0.100849
      2.85945      2.41644      8.93427        -0.169301     -0.035502      0.113699
      3.84017      2.22995      7.44923         0.005829      0.075960      0.324234
      4.17842      3.57460      8.58348         0.019688     -0.010258      0.053299
 
=========PATH==========
/home/srr516/alkanes-Pt111/Pt-111/methane/fromComet/methane_0.015/97
=========ENERGY========
   1 F= -.17680185E+03 E0= -.17680482E+03  d E =0.890517E-02
=========Coordinates/Forces=========
 POSITION                                       TOTAL-FORCE (eV/Angst)
      3.86490      2.52820      8.52220        -0.001047     -0.001306     -0.443622
      4.57044      1.88857      9.04955         0.145941     -0.126434      0.148644
      2.86287      2.41111      8.93546        -0.160513     -0.013973      0.099332
      3.84464      2.22750      7.45385         0.006185      0.069722      0.213899
      4.18001      3.57294      8.58823         0.021525      0.075869      0.031727
 
=========PATH==========
/home/srr516/alkanes-Pt111/Pt-111/methane/fromComet/methane_0.015/98
=========ENERGY========
   1 F= -.17680123E+03 E0= -.17680420E+03  d E =0.890627E-02
=========Coordinates/Forces=========
 POSITION                                       TOTAL-FORCE (eV/Angst)
      3.85758      2.52925      8.51841         0.243788     -0.293884     -0.284586
      4.56636      1.88655      9.06092        -0.078822      0.066796     -0.061368
      2.85758      2.41856      8.93609        -0.194950     -0.017008      0.074312
      3.84267      2.22867      7.44891        -0.010866      0.032456      0.265042
      4.17854      3.56826      8.57917         0.053749      0.214517      0.057688
 
=========PATH==========
/home/srr516/alkanes-Pt111/Pt-111/methane/fromComet/methane_0.015/99
=========ENERGY========
   1 F= -.17680318E+03 E0= -.17680615E+03  d E =0.890618E-02
=========Coordinates/Forces=========
 POSITION                                       TOTAL-FORCE (eV/Angst)
      3.85768      2.52953      8.51154         0.068264     -0.183592      0.040749
      4.57199      1.89596      9.05438        -0.054814     -0.000681     -0.042638
      2.85646      2.41435      8.94284         0.002482      0.006884     -0.022702
      3.83807      2.22464      7.45014        -0.010662      0.021126      0.093837
      4.17888      3.57012      8.58194         0.004639      0.160159     -0.007250
 
