=========PATH==========
/home/srr516/Ethylene-Pt111/test_0.015/highEdiff/2
=========ENERGY========
   1 F= -.17680419E+03 E0= -.17680716E+03  d E =-.176804E+03
=========Coordinates/Forces=========
POSITION                                       TOTAL-FORCE (eV/Angst)
      3.86116        2.52595        8.51459         0.001744      0.015614      0.022417
      4.56656        1.88522        9.05371         0.033440     -0.009980      0.029062
      2.85749        2.41402        8.93960        -0.017295     -0.003361     -0.011162
      3.84378        2.22562        7.45508        -0.021523     -0.012479     -0.005050
      4.17815        3.57225        8.58179         0.012498      0.014845      0.024217
